0,906860018
0,918871409
0,9308828
0,936888495
0,936888495
0,942894191
0,942894191
0,918871409
0,822780281
0,738700545
0,660626503
0,588558157
0,552523985
0,540512594
0,55852968
0,600569548
0,654620808
0,696660676
0,732694849
0,774734717
0,81076889
0,852808759
0,888842932
0,9308828
0,984934059
1,038985319
1,099042274
1,129070751
1,159099228
1,177116315
1,201139097
1,195133401
1,129070751
1,026973928
0,948899886
0,894848627
0,870825845
0,858814454
0,876831541
0,924877105
0,984934059
1,014962537
1,044991014
1,081025187
1,111053665
1,141082142
1,177116315
1,207144792
1,219156183
1,23717327
1,249184661
1,255190356
1,261196052
1,267201747
1,273207443
1,23717327
1,105047969
0,954905582
0,852808759
0,768729022
0,696660676
0,666632199
0,660626503
0,720683458
0,816774586
0,846803063
0,876831541
0,906860018
0,936888495
0,966916973
0,99694545
1,026973928
1,063008101
1,099042274
1,135076446
1,153093533
1,171110619
1,189127706
1,201139097
1,195133401
1,153093533
1,129070751
1,11705936
1,099042274
1,093036578
1,087030883
1,081025187
1,099042274
1,129070751
1,165104924
1,177116315
1,207144792
1,231167574
1,261196052
1,291224529
1,315247311
1,345275788
1,36929857
1,399327048
1,411338439
1,42334983
1,429355525
1,435361221
1,405332743
1,285218834
1,177116315
1,069013796
0,99694545
0,948899886
0,972922668
1,026973928
1,105047969
1,165104924
1,189127706
1,219156183
1,243178965
1,267201747
1,291224529
1,321253006
1,345275788
1,375304266
1,411338439
1,447372612
1,465389698
1,483406785
1,495418176
1,507429566
1,48941248
1,387315657
1,30323592
1,225161879
1,171110619
1,135076446
1,11705936
1,123065055
1,165104924
1,231167574
1,261196052
1,291224529
1,321253006
1,351281484
1,387315657
1,417344134
1,447372612
1,471395394
1,495418176
1,513435262
1,525446653
1,537458044
1,549469435
1,55547513
1,525446653
1,345275788
1,213150488
1,105047969
1,008956841
0,954905582
0,942894191
0,972922668
1,038985319
1,135076446
1,159099228
1,189127706
1,213150488
1,243178965
1,267201747
1,297230225
1,321253006
1,345275788
1,375304266
1,399327048
1,417344134
1,435361221
1,441366916
1,453378307
1,447372612
1,405332743
1,363292875
1,333264397
1,321253006
1,309241615
1,30323592
1,30323592
1,321253006
1,351281484
1,393321352
1,399327048
1,429355525
1,453378307
1,477401089
1,507429566
1,531452348
1,579497912
1,633549172
1,681594736
1,711623213
1,735645995
1,753663081
1,771680168
1,747657386
1,591509303
1,447372612
1,327258702
1,231167574
1,171110619
1,141082142
1,159099228
1,219156183
1,327258702
1,36929857
1,411338439
1,453378307
1,495418176
1,537458044
1,579497912
1,621537781
1,651566258
1,681594736
1,711623213
1,729640299
1,747657386
1,753663081
1,765674472
1,729640299
1,543463739
1,381309961
1,23717327
1,135076446
1,063008101
1,032979623
1,05099671
1,129070751
1,243178965
1,273207443
1,309241615
1,345275788
1,375304266
1,411338439
1,447372612
1,477401089
1,507429566
1,537458044
1,561480826
1,573492217
1,585503608
1,591509303
1,597514999
1,567486521
1,393321352
1,225161879
1,093036578
0,984934059
0,918871409
0,894848627
0,906860018
0,972922668
1,075019492
1,141082142
1,207144792
1,273207443
1,333264397
1,399327048
1,465389698
1,531452348
1,603520694
1,687600431
1,777685863
1,825731427
1,867771296
1,903805468
1,939839641
1,933833946
1,873776991
1,825731427
1,783691559
1,753663081
1,747657386
1,747657386
1,759668777
1,79570295
1,849754209
1,8617656
1,879782686
1,891794077
1,903805468
1,921822555
1,933833946
1,951851032
1,92782825
1,903805468
1,879782686
1,903805468
1,837742818
1,819725732
1,807714341
1,789697254
1,759668777
1,723634604
1,693606126
1,669583345
1,651566258
1,645560563
1,645560563
1,657571954
1,67558904
1,669583345
1,645560563
1,633549172
1,621537781
1,60952639
1,621537781
1,591509303
1,621537781
1,597514999
1,603520694
1,615532085
1,621537781
1,60952639
1,615532085
1,603520694
1,585503608
1,573492217
1,55547513
1,543463739
1,531452348
1,531452348
1,531452348
1,537458044
1,55547513
1,561480826
1,579497912
1,585503608
1,603520694
1,60952639
1,621537781
1,633549172
1,681594736
1,74165169
1,789697254
1,819725732
1,849754209
1,867771296
1,891794077
1,891794077
1,873776991
1,849754209
1,831737123
1,825731427
1,825731427
1,825731427
1,831737123
1,849754209
1,873776991
1,885788382
1,903805468
1,939839641
1,939839641
1,951851032
1,963862423
1,98187951
1,969868119
1,963862423
1,951851032
1,939839641
1,933833946
1,92782825
1,921822555
1,909811164
1,8617656
1,813720036
1,789697254
1,777685863
1,777685863
1,633549172
1,55547513
1,543463739
1,591509303
1,597514999
1,597514999
1,603520694
1,60952639
1,60952639
1,615532085
1,615532085
1,633549172
1,651566258
1,669583345
1,681594736
1,693606126
1,699611822
1,711623213
1,657571954
1,531452348
1,339270093
1,309241615
1,285218834
1,291224529
1,23717327
1,231167574
1,255190356
1,327258702
1,345275788
1,357287179
1,375304266
1,387315657
1,405332743
1,42334983
1,435361221
1,435361221
1,441366916
1,441366916
1,441366916
1,441366916
1,441366916
1,441366916
1,42334983
1,297230225
1,201139097
1,11705936
1,057002405
1,008956841
0,99694545
1,008956841
1,057002405
1,129070751
1,129070751
1,129070751
1,135076446
1,135076446
1,141082142
1,141082142
1,141082142
1,141082142
1,147087837
1,147087837
1,147087837
1,147087837
1,147087837
1,141082142
1,135076446
1,081025187
1,044991014
0,984934059
0,942894191
0,912865714
0,900854323
0,894848627
0,912865714
0,948899886
0,966916973
0,978928364
0,99694545
1,014962537
1,026973928
1,044991014
1,063008101
1,111053665
1,105047969
1,129070751
1,135076446
1,147087837
1,165104924
1,177116315
1,159099228
1,129070751
1,099042274
1,069013796
1,05099671
1,038985319
1,038985319
1,038985319
1,057002405
1,075019492
1,099042274
1,11705936
1,141082142
1,165104924
1,18312201
1,207144792
1,231167574
1,255190356
1,279213138
1,30323592
1,315247311
1,327258702
1,339270093
1,345275788
1,291224529
1,081025187
0,888842932
0,726689154
0,600569548
0,516489812
0,480455639
0,49246703
0,564535375
0,696660676
0,74470624
0,792751804
0,840797368
0,888842932
0,942894191
0,990939755
1,038985319
1,087030883
1,135076446
1,18312201
1,207144792
1,231167574
1,243178965
1,261196052
1,207144792
1,008956841
0,828785977
0,684649285
0,570541071
0,49246703
0,456432857
0,462438552
0,528501203
0,648615112
0,714677763
0,786746108
0,858814454
0,924877105
0,99694545
1,063008101
1,135076446
1,213150488
1,297230225
1,375304266
1,417344134
1,459384003
1,48941248
1,519440957
1,471395394
1,273207443
1,105047969
0,966916973
0,858814454
0,792751804
0,762723326
0,774734717
0,840797368
0,966916973
1,05099671
1,141082142
1,231167574
1,315247311
1,405332743
1,495418176
1,579497912
1,657571954
1,74165169
1,825731427
1,867771296
1,915816859
1,951851032
1,98187951
1,939839641
1,74165169
1,579497912
1,441366916
1,333264397
1,267201747
1,243178965
1,255190356
1,333264397
1,459384003
1,495418176
1,525446653
1,561480826
1,597514999
1,633549172
1,663577649
1,699611822
1,693606126
1,693606126
1,693606126
1,693606126
1,693606126
1,693606126
1,705617517
1,663577649
1,585503608
1,483406785
1,447372612
1,411338439
1,381309961
1,405332743
1,42334983
1,447372612
1,495418176
1,471395394
1,447372612
1,429355525
1,405332743
1,381309961
1,357287179
1,333264397
1,327258702
1,315247311
1,309241615
1,297230225
1,291224529
1,285218834
1,279213138
1,261196052
1,207144792
1,141082142
1,11705936
1,111053665
1,093036578
0,918871409
0,822780281
0,786746108
0,840797368
0,86482015
0,882837236
0,906860018
0,924877105
0,948899886
0,966916973
0,990939755
1,032979623
1,075019492
1,11705936
1,135076446
1,159099228
1,171110619
1,189127706
1,177116315
1,171110619
1,123065055
1,075019492
1,057002405
1,057002405
0,954905582
0,918871409
0,918871409
0,960911277
1,008956841
1,057002405
1,099042274
1,147087837
1,195133401
1,243178965
1,285218834
1,333264397
1,387315657
1,441366916
1,465389698
1,495418176
1,513435262
1,537458044
1,531452348
1,411338439
1,273207443
1,153093533
1,201139097
1,177116315
1,243178965
1,243178965
1,255190356
1,309241615
1,327258702
1,351281484
1,36929857
1,393321352
1,411338439
1,435361221
1,459384003
1,459384003
1,459384003
1,459384003
1,459384003
1,453378307
1,453378307
1,453378307
1,435361221
1,321253006
1,195133401
1,075019492
0,960911277
0,882837236
0,846803063
0,840797368
0,876831541
0,966916973
1,002951146
1,038985319
1,075019492
1,111053665
1,147087837
1,18312201
1,219156183
1,273207443
1,327258702
1,387315657
1,417344134
1,447372612
1,471395394
1,48941248
1,447372612
1,261196052
1,105047969
0,972922668
0,870825845
0,804763195
0,774734717
0,786746108
0,858814454
0,972922668
1,002951146
1,026973928
1,057002405
1,087030883
1,11705936
1,141082142
1,171110619
1,177116315
1,177116315
1,18312201
1,18312201
1,18312201
1,18312201
1,18312201
1,105047969
0,954905582
0,750711935
0,630598026
0,552523985
0,498472725
0,480455639
0,480455639
0,516489812
0,606575244
0,702666372
0,726689154
0,750711935
0,774734717
0,804763195
0,828785977
0,852808759
0,900854323
0,978928364
0,984934059
0,978928364
0,99694545
1,008956841
1,008956841
0,99694545
0,972922668
0,954905582
0,948899886
0,918871409
0,882837236
0,86482015
0,870825845
0,876831541
0,906860018
0,912865714
0,942894191
0,972922668
0,99694545
1,026973928
1,05099671
1,081025187
1,129070751
1,18312201
1,231167574
1,261196052
1,285218834
1,30323592
1,30323592
1,255190356
1,153093533
1,063008101
0,978928364
0,894848627
0,840797368
0,816774586
0,798757499
0,816774586
0,876831541
0,942894191
0,99694545
1,05099671
1,111053665
1,165104924
1,219156183
1,273207443
1,321253006
1,375304266
1,42334983
1,447372612
1,471395394
1,48941248
1,48941248
1,429355525
1,315247311
1,189127706
1,075019492
0,978928364
0,906860018
0,870825845
0,858814454
0,894848627
0,972922668
1,05099671
1,111053665
1,171110619
1,225161879
1,285218834
1,345275788
1,399327048
1,459384003
1,519440957
1,579497912
1,60952639
1,645560563
1,669583345
1,669583345
1,60952639
1,55547513
1,429355525
1,387315657
1,387315657
1,387315657
1,333264397
1,351281484
1,363292875
1,411338439
1,459384003
1,48941248
1,513435262
1,543463739
1,573492217
1,597514999
1,627543476
1,633549172
1,633549172
1,639554867
1,645560563
1,645560563
1,645560563
1,645560563
1,567486521
1,429355525
1,285218834
1,153093533
1,044991014
0,966916973
0,918871409
0,906860018
0,942894191
1,026973928
1,11705936
1,147087837
1,171110619
1,201139097
1,231167574
1,255190356
1,285218834
1,321253006
1,357287179
1,393321352
1,429355525
1,435361221
1,483406785
1,447372612
1,429355525
1,393321352
1,363292875
1,321253006
1,30323592
1,297230225
1,30323592
1,291224529
1,30323592
1,327258702
1,345275788
1,375304266
1,399327048
1,429355525
1,453378307
1,477401089
1,507429566
1,519440957
1,537458044
1,549469435
1,561480826
1,567486521
1,567486521
1,567486521
1,48941248
1,357287179
1,213150488
1,087030883
0,984934059
0,906860018
0,86482015
0,852808759
0,888842932
0,966916973
1,05099671
1,099042274
1,141082142
1,189127706
1,231167574
1,279213138
1,327258702
1,375304266
1,429355525
1,483406785
1,513435262
1,537458044
1,55547513
1,55547513
1,543463739
1,531452348
1,519440957
1,519440957
1,495418176
1,477401089
1,387315657
1,327258702
1,30323592
1,315247311
1,351281484
1,399327048
1,447372612
1,495418176
1,543463739
1,591509303
1,639554867
1,687600431
1,735645995
1,783691559
1,813720036
1,837742818
1,855759905
1,855759905
1,783691559
1,657571954
1,531452348
1,411338439
1,315247311
1,243178965
1,207144792
1,201139097
1,23717327
1,315247311
1,399327048
1,441366916
1,477401089
1,513435262
1,549469435
1,591509303
1,627543476
1,651566258
1,681594736
1,711623213
1,723634604
1,74165169
1,753663081
1,753663081
1,67558904
1,549469435
1,417344134
1,297230225
1,201139097
1,135076446
1,093036578
1,087030883
1,123065055
1,195133401
1,285218834
1,315247311
1,351281484
1,381309961
1,417344134
1,447372612
1,483406785
1,513435262
1,543463739
1,573492217
1,591509303
1,60952639
1,615532085
1,621537781
1,549469435
1,441366916
1,327258702
1,225161879
1,141082142
1,087030883
1,05099671
1,044991014
1,075019492
1,141082142
1,219156183
1,255190356
1,291224529
1,327258702
1,363292875
1,399327048
1,441366916
1,471395394
1,513435262
1,549469435
1,567486521
1,585503608
1,603520694
1,603520694
1,549469435
1,477401089
1,48941248
1,429355525
1,321253006
1,297230225
1,267201747
1,225161879
1,213150488
1,255190356
1,315247311
1,321253006
1,327258702
1,339270093
1,345275788
1,351281484
1,363292875
1,357287179
1,351281484
1,339270093
1,333264397
1,327258702
1,321253006
1,315247311
1,30323592
1,267201747
1,195133401
1,141082142
1,087030883
1,026973928
0,954905582
0,924877105
0,918871409
0,942894191
0,990939755
1,026973928
1,069013796
1,111053665
1,153093533
1,195133401
1,23717327
1,345275788
1,459384003
1,579497912
1,639554867
1,705617517
1,747657386
1,759668777
1,717628908
1,67558904
1,67558904
1,687600431
1,663577649
1,621537781
1,597514999
1,585503608
1,591509303
1,615532085
1,663577649
1,687600431
1,717628908
1,747657386
1,777685863
1,807714341
1,837742818
1,825731427
1,807714341
1,789697254
1,777685863
1,765674472
1,753663081
1,753663081
1,753663081
1,723634604
1,699611822
1,669583345
1,651566258
1,639554867
1,513435262
1,441366916
1,411338439
1,42334983
1,459384003
1,459384003
1,465389698
1,465389698
1,465389698
1,471395394
1,471395394
1,483406785
1,501423871
1,519440957
1,525446653
1,537458044
1,543463739
1,543463739
1,465389698
1,351281484
1,243178965
1,141082142
1,063008101
1,002951146
0,966916973
0,960911277
0,990939755
1,05099671
1,129070751
1,159099228
1,189127706
1,219156183
1,255190356
1,285218834
1,315247311
1,351281484
1,381309961
1,411338439
1,429355525
1,441366916
1,453378307
1,447372612
1,345275788
1,195133401
1,05099671
0,918871409
0,816774586
0,738700545
0,696660676
0,684649285
0,726689154
0,804763195
0,900854323
0,966916973
1,032979623
1,099042274
1,165104924
1,23717327
1,30323592
1,375304266
1,453378307
1,531452348
1,573492217
1,615532085
1,639554867
1,645560563
1,549469435
1,42334983
1,291224529
1,177116315
1,081025187
1,014962537
0,978928364
0,972922668
1,014962537
1,093036578
1,189127706
1,23717327
1,285218834
1,333264397
1,381309961
1,429355525
1,477401089
1,501423871
1,525446653
1,549469435
1,561480826
1,579497912
1,585503608
1,585503608
1,459384003
1,30323592
1,141082142
1,002951146
0,888842932
0,804763195
0,756717631
0,74470624
0,786746108
0,870825845
0,978928364
1,020968232
1,069013796
1,111053665
1,153093533
1,201139097
1,243178965
1,285218834
1,333264397
1,381309961
1,405332743
1,429355525
1,447372612
1,447372612
1,333264397
1,177116315
1,026973928
0,894848627
0,786746108
0,708672067
0,666632199
0,660626503
0,696660676
0,780740413
0,888842932
0,918871409
0,948899886
0,972922668
1,002951146
1,032979623
1,057002405
1,069013796
1,081025187
1,093036578
1,093036578
1,099042274
1,105047969
1,099042274
1,014962537
0,888842932
0,756717631
0,648615112
0,55852968
0,504478421
0,462438552
0,456432857
0,480455639
0,546518289
0,630598026
0,666632199
0,708672067
0,74470624
0,780740413
0,822780281
0,858814454
0,900854323
0,942894191
0,990939755
1,008956841
1,032979623
1,044991014
1,044991014
0,948899886
0,822780281
0,696660676
0,582552462
0,504478421
0,444421466
0,414392988
0,408387293
0,444421466
0,510484116
0,594563853
0,648615112
0,708672067
0,762723326
0,822780281
0,876831541
0,936888495
0,990939755
1,05099671
1,11705936
1,147087837
1,18312201
1,207144792
1,207144792
1,141082142
1,014962537
0,924877105
0,924877105
0,876831541
0,86482015
0,852808759
0,816774586
0,816774586
0,840797368
0,906860018
0,942894191
0,972922668
1,008956841
1,044991014
1,081025187
1,11705936
1,129070751
1,141082142
1,147087837
1,153093533
1,153093533
1,159099228
1,153093533
1,081025187
1,008956841
0,9308828
0,86482015
0,81076889
0,780740413
0,756717631
0,756717631
0,768729022
0,822780281
0,852808759
0,900854323
0,942894191
0,990939755
1,032979623
1,081025187
1,123065055
1,177116315
1,231167574
1,285218834
1,309241615
1,339270093
1,357287179
1,351281484
1,231167574
1,099042274
0,966916973
0,852808759
0,762723326
0,696660676
0,660626503
0,648615112
0,684649285
0,756717631
0,852808759
0,912865714
0,978928364
1,038985319
1,105047969
1,165104924
1,231167574
1,279213138
1,339270093
1,399327048
1,429355525
1,465389698
1,483406785
1,483406785
1,375304266
1,23717327
1,093036578
0,972922668
0,876831541
0,822780281
0,792751804
0,792751804
0,840797368
0,918871409
1,020968232
1,038985319
1,057002405
1,075019492
1,093036578
1,111053665
1,129070751
1,123065055
1,11705936
1,105047969
1,099042274
1,099042274
1,093036578
1,087030883
1,026973928
0,960911277
0,86482015
0,792751804
0,738700545
0,708672067
0,684649285
0,684649285
0,702666372
0,738700545
0,786746108
0,81076889
0,828785977
0,852808759
0,876831541
0,894848627
0,918871409
0,948899886
0,978928364
1,008956841
1,026973928
1,044991014
1,057002405
1,057002405
0,942894191
0,828785977
0,708672067
0,684649285
0,708672067
0,696660676
0,642609417
0,636603721
0,630598026
0,660626503
0,714677763
0,762723326
0,804763195
0,846803063
0,888842932
0,9308828
0,978928364
1,008956841
1,05099671
1,069013796
1,087030883
1,099042274
1,105047969
1,105047969
1,044991014
0,984934059
0,918871409
0,852808759
0,798757499
0,756717631
0,738700545
0,74470624
0,768729022
0,81076889
0,858814454
0,900854323
0,942894191
0,984934059
1,026973928
1,069013796
1,111053665
1,159099228
1,201139097
1,243178965
1,267201747
1,291224529
1,30323592
1,297230225
1,171110619
1,026973928
0,900854323
0,786746108
0,696660676
0,630598026
0,594563853
0,588558157
0,62459233
0,696660676
0,792751804
0,858814454
0,924877105
0,990939755
1,063008101
1,129070751
1,195133401
1,261196052
1,333264397
1,399327048
1,435361221
1,477401089
1,501423871
1,495418176
1,363292875
1,213150488
1,075019492
0,954905582
0,86482015
0,792751804
0,756717631
0,750711935
0,786746108
0,86482015
0,972922668
1,014962537
1,063008101
1,105047969
1,147087837
1,195133401
1,23717327
1,255190356
1,273207443
1,291224529
1,30323592
1,309241615
1,321253006
1,315247311
1,249184661
1,171110619
1,105047969
1,057002405
1,020968232
0,99694545
0,984934059
0,984934059
1,008956841
1,044991014
1,087030883
1,11705936
1,165104924
1,171110619
1,201139097
1,23717327
1,261196052
1,285218834
1,309241615
1,339270093
1,351281484
1,36929857
1,381309961
1,375304266
1,345275788
1,225161879
1,147087837
1,099042274
1,075019492
1,026973928
1,026973928
0,99694545
1,002951146
1,044991014
1,093036578
1,123065055
1,147087837
1,177116315
1,207144792
1,231167574
1,261196052
1,279213138
1,297230225
1,315247311
1,321253006
1,333264397
1,333264397
1,327258702
1,231167574
1,099042274
0,978928364
0,888842932
0,798757499
0,738700545
0,714677763
0,726689154
0,756717631
0,81076889
0,888842932
0,942894191
0,99694545
1,05099671
1,105047969
1,159099228
1,213150488
1,273207443
1,333264397
1,399327048
1,429355525
1,465389698
1,483406785
1,465389698
1,315247311
1,159099228
1,014962537
0,888842932
0,792751804
0,726689154
0,690654981
0,684649285
0,720683458
0,798757499
0,912865714
0,978928364
1,05099671
1,11705936
1,189127706
1,261196052
1,327258702
1,387315657
1,447372612
1,507429566
1,537458044
1,567486521
1,591509303
1,585503608
1,513435262
1,42334983
1,357287179
1,297230225
1,255190356
1,225161879
1,207144792
1,213150488
1,231167574
1,279213138
1,339270093
1,381309961
1,417344134
1,459384003
1,495418176
1,531452348
1,573492217
1,585503608
1,603520694
1,621537781
1,633549172
1,645560563
1,651566258
1,639554867
1,507429566
1,399327048
1,273207443
1,189127706
1,11705936
1,038985319
1,020968232
0,99694545
0,99694545
1,044991014
1,141082142
1,171110619
1,201139097
1,231167574
1,261196052
1,297230225
1,327258702
1,339270093
1,357287179
1,36929857
1,381309961
1,387315657
1,399327048
1,387315657
1,327258702
1,261196052
1,201139097
1,141082142
1,099042274
1,075019492
1,057002405
1,057002405
1,075019492
1,111053665
1,177116315
1,171110619
1,195133401
1,201139097
1,213150488
1,231167574
1,249184661
1,249184661
1,261196052
1,267201747
1,273207443
1,273207443
1,279213138
1,267201747
1,165104924
1,008956841
0,900854323
0,870825845
0,822780281
0,786746108
0,786746108
0,762723326
0,756717631
0,804763195
0,870825845
0,918871409
0,972922668
1,020968232
1,075019492
1,123065055
1,171110619
1,225161879
1,285218834
1,339270093
1,36929857
1,405332743
1,42334983
1,399327048
1,243178965
1,105047969
0,99694545
0,900854323
0,828785977
0,768729022
0,732694849
0,726689154
0,750711935
0,81076889
0,906860018
0,966916973
1,020968232
1,075019492
1,129070751
1,18312201
1,243178965
1,273207443
1,315247311
1,351281484
1,36929857
1,393321352
1,405332743
1,36929857
1,201139097
1,038985319
0,900854323
0,780740413
0,690654981
0,630598026
0,606575244
0,618586635
0,654620808
0,738700545
0,846803063
0,882837236
0,918871409
0,954905582
0,990939755
1,026973928
1,063008101
1,075019492
1,093036578
1,111053665
1,11705936
1,129070751
1,135076446
1,123065055
1,038985319
0,954905582
0,888842932
0,846803063
0,798757499
0,732694849
0,708672067
0,702666372
0,684649285
0,714677763
0,768729022
0,816774586
0,86482015
0,912865714
0,960911277
1,002951146
1,05099671
1,099042274
1,153093533
1,207144792
1,23717327
1,267201747
1,285218834
1,243178965
1,069013796
0,906860018
0,756717631
0,630598026
0,528501203
0,462438552
0,432410075
0,426404379
0,462438552
0,546518289
0,666632199
0,714677763
0,762723326
0,816774586
0,86482015
0,912865714
0,960911277
0,990939755
1,020968232
1,05099671
1,069013796
1,087030883
1,099042274
1,069013796
0,966916973
0,822780281
0,780740413
0,74470624
0,738700545
0,708672067
0,690654981
0,636603721
0,600569548
0,630598026
0,708672067
0,720683458
0,726689154
0,738700545
0,750711935
0,762723326
0,774734717
0,762723326
0,750711935
0,738700545
0,726689154
0,720683458
0,714677763
0,696660676
0,570541071
0,480455639
0,396375902
0,234222124
0,156148083
0,108102519
0,048045564
0,006005695
0,036034173
0,072068346
0,144136692
0,198187951
0,25223921
0,30629047
0,360341729
0,414392988
0,462438552
0,534506898
0,612580939
0,684649285
0,732694849
0,768729022
0,840797368
0,792751804
0,74470624
0,708672067
0,660626503
0,630598026
0,588558157
0,582552462
0,570541071
0,576546766
0,588558157
0,618586635
0,648615112
0,702666372
0,756717631
0,81076889
0,870825845
0,912865714
0,966916973
1,008956841
1,05099671
1,069013796
1,093036578
1,105047969
1,111053665
1,044991014
0,912865714
0,762723326
0,62459233
0,510484116
0,414392988
0,348330338
0,324307556
0,312296165
0,336318947
0,396375902
0,498472725
0,564535375
0,630598026
0,702666372
0,768729022
0,834791672
0,906860018
0,960911277
1,014962537
1,038985319
1,063008101
1,081025187
1,075019492
1,069013796
1,057002405
0,990939755
0,912865714
0,768729022
0,612580939
0,588558157
0,582552462
0,648615112
0,702666372
0,750711935
0,798757499
0,852808759
0,906860018
0,960911277
1,014962537
1,069013796
1,123065055
1,189127706
1,261196052
1,30323592
1,339270093
1,36929857
1,36929857
1,291224529
1,159099228
0,99694545
0,834791672
0,672637894
0,546518289
0,444421466
0,378358815
0,348330338
0,37235312
0,450427161
0,576546766
0,654620808
0,726689154
0,804763195
0,876831541
0,948899886
1,026973928
1,075019492
1,123065055
1,153093533
1,177116315
1,195133401
1,201139097
1,105047969
0,942894191
0,756717631
0,582552462
0,420398684
0,294279079
0,198187951
0,144136692
0,12011391
0,150142387
0,228216428
0,360341729
0,450427161
0,540512594
0,630598026
0,720683458
0,81076889
0,900854323
0,978928364
1,063008101
1,105047969
1,153093533
1,18312201
1,189127706
1,111053665
0,978928364
0,834791672
0,696660676
0,576546766
0,468444248
0,396375902
0,354336034
0,348330338
0,37235312
0,444421466
0,546518289
0,630598026
0,714677763
0,798757499
0,882837236
0,966916973
1,05099671
1,111053665
1,177116315
1,207144792
1,243178965
1,267201747
1,273207443
1,177116315
1,008956841
0,828785977
0,654620808
0,498472725
0,378358815
0,288273383
0,234222124
0,216205037
0,25223921
0,336318947
0,468444248
0,534506898
0,600569548
0,666632199
0,732694849
0,798757499
0,86482015
0,894848627
0,9308828
0,948899886
0,966916973
0,978928364
0,978928364
0,924877105
0,846803063
0,756717631
0,666632199
0,606575244
0,564535375
0,522495507
0,498472725
0,49246703
0,516489812
0,55852968
0,612580939
0,67864359
0,750711935
0,816774586
0,888842932
0,960911277
1,026973928
1,099042274
1,177116315
1,219156183
1,261196052
1,291224529
1,30323592
1,207144792
1,057002405
0,894848627
0,738700545
0,606575244
0,49246703
0,414392988
0,37235312
0,360341729
0,396375902
0,474449943
0,600569548
0,636603721
0,672637894
0,708672067
0,74470624
0,780740413
0,816774586
0,804763195
0,786746108
0,774734717
0,768729022
0,756717631
0,750711935
0,732694849
0,672637894
0,660626503
0,612580939
0,540512594
0,450427161
0,348330338
0,282267688
0,25223921
0,276261992
0,30629047
0,348330338
0,390370206
0,426404379
0,468444248
0,510484116
0,546518289
0,606575244
0,648615112
0,720683458
0,756717631
0,798757499
0,822780281
0,822780281
0,792751804
0,762723326
0,684649285
0,576546766
0,49246703
0,414392988
0,366347425
0,330313252
0,30629047
0,294279079
0,324307556
0,378358815
0,444421466
0,504478421
0,564535375
0,62459233
0,684649285
0,74470624
0,780740413
0,816774586
0,840797368
0,858814454
0,870825845
0,86482015
0,786746108
0,708672067
0,618586635
0,516489812
0,474449943
0,414392988
0,396375902
0,384364511
0,396375902
0,462438552
0,510484116
0,55852968
0,606575244
0,666632199
0,726689154
0,792751804
0,852808759
0,912865714
0,972922668
1,038985319
1,075019492
1,111053665
1,135076446
1,135076446
1,020968232
0,846803063
0,672637894
0,504478421
0,360341729
0,240227819
0,156148083
0,108102519
0,096091128
0,132125301
0,216205037
0,330313252
0,456432857
0,516489812
0,576546766
0,636603721
0,696660676
0,762723326
0,792751804
0,828785977
0,852808759
0,870825845
0,888842932
0,888842932
0,750711935
0,55852968
0,384364511
0,264250601
0,174165169
0,096091128
0,048045564
0,042039868
0,054051259
0,078074041
0,132125301
0,222210733
0,324307556
0,402381597
0,486461334
0,564535375
0,642609417
0,726689154
0,774734717
0,840797368
0,852808759
0,876831541
0,894848627
0,894848627
0,858814454
0,798757499
0,732694849
0,666632199
0,612580939
0,570541071
0,540512594
0,528501203
0,522495507
0,534506898
0,564535375
0,606575244
0,648615112
0,708672067
0,768729022
0,828785977
0,888842932
0,948899886
0,990939755
1,044991014
1,069013796
1,099042274
1,11705936
1,11705936
1,008956841
0,870825845
0,726689154
0,594563853
0,474449943
0,378358815
0,312296165
0,270256297
0,258244906
0,282267688
0,348330338
0,444421466
0,540512594
0,600569548
0,660626503
0,720683458
0,780740413
0,840797368
0,876831541
0,918871409
0,942894191
0,966916973
0,984934059
0,984934059
0,984934059
0,990939755
0,984934059
0,984934059
0,990939755
1,057002405
0,984934059
0,984934059
0,984934059
0,990939755
1,002951146
1,002951146
1,038985319
1,026973928
1,044991014
1,057002405
1,075019492
1,075019492
1,063008101
1,057002405
1,057002405
1,057002405
1,057002405
1,05099671
0,918871409
0,768729022
0,612580939
0,462438552
0,318301861
0,294279079
0,264250601
0,25223921
0,258244906
0,282267688
0,336318947
0,414392988
0,504478421
0,552523985
0,594563853
0,642609417
0,684649285
0,732694849
0,768729022
0,804763195
0,828785977
0,852808759
0,86482015
0,86482015
0,726689154
0,564535375
0,402381597
0,25223921
0,12011391
0,012011391
1,261196052
1,261196052
1,261196052
1,261196052
1,261196052
0,090085432
0,204193646
0,258244906
0,318301861
0,378358815
0,43841577
0,49246703
0,534506898
0,570541071
0,594563853
0,618586635
0,636603721
0,630598026
0,504478421
0,432410075
0,378358815
0,414392988
0,396375902
0,336318947
0,288273383
0,234222124
0,228216428
0,258244906
0,300284774
0,348330338
0,396375902
0,414392988
0,444421466
0,450427161
0,468444248
0,486461334
0,486461334
0,486461334
0,480455639
0,480455639
0,480455639
0,480455639
0,426404379
0,354336034
0,30629047
0,246233515
0,198187951
0,156148083
0,132125301
0,114108214
0,108102519
0,126119605
0,150142387
0,192182255
0,234222124
0,258244906
0,294279079
0,330313252
0,366347425
0,426404379
0,43841577
0,474449943
0,498472725
0,516489812
0,534506898
0,534506898
0,498472725
0,360341729
0,18617656
0,132125301
0,156148083
0,162153778
0,108102519
0,132125301
0,138130996
0,18617656
0,240227819
0,288273383
0,330313252
0,366347425
0,396375902
0,426404379
0,456432857
0,486461334
0,504478421
0,528501203
0,540512594
0,552523985
0,55852968
0,55852968
0,516489812
0,468444248
0,420398684
0,37235312
0,336318947
0,300284774
0,270256297
0,25223921
0,246233515
0,25223921
0,276261992
0,342324643
0,360341729
0,378358815
0,396375902
0,420398684
0,43841577
0,462438552
0,480455639
0,49246703
0,498472725
0,504478421
0,510484116
0,504478421
0,468444248
0,360341729
0,324307556
0,228216428
0,162153778
0,138130996
0,054051259
1,261196052
1,261196052
1,261196052
1,261196052
1,261196052
0,018017086
0,078074041
0,138130996
0,204193646
0,264250601
0,330313252
0,396375902
0,462438552
0,49246703
0,522495507
0,546518289
0,534506898
0,420398684
0,288273383
0,162153778
0,042039868
1,261196052
1,261196052
1,261196052
1,261196052
1,261196052
1,261196052
1,261196052
1,261196052
1,261196052
0,060056955
0,156148083
0,246233515
0,336318947
0,426404379
0,522495507
0,630598026
0,690654981
0,74470624
0,786746108
0,780740413
0,67864359
0,564535375
0,456432857
0,354336034
0,270256297
0,204193646
0,156148083
0,132125301
0,132125301
0,156148083
0,216205037
0,294279079
0,384364511
0,444421466
0,504478421
0,570541071
0,630598026
0,690654981
0,702666372
0,720683458
0,732694849
0,738700545
0,74470624
0,726689154
0,660626503
0,600569548
0,498472725
0,420398684
0,420398684
0,414392988
0,384364511
0,378358815
0,330313252
0,312296165
0,312296165
0,336318947
0,390370206
0,43841577
0,486461334
0,534506898
0,576546766
0,62459233
0,660626503
0,696660676
0,714677763
0,738700545
0,750711935
0,750711935
0,672637894
0,55852968
0,498472725
0,396375902
0,330313252
0,246233515
0,25223921
0,246233515
0,228216428
0,210199342
0,222210733
0,270256297
0,336318947
0,420398684
0,510484116
0,594563853
0,684649285
0,768729022
0,846803063
0,924877105
0,972922668
1,014962537
1,05099671
1,032979623
0,900854323
0,762723326
0,618586635
0,49246703
0,378358815
0,294279079
0,228216428
0,192182255
0,180170865
0,204193646
0,270256297
0,366347425
0,474449943
0,552523985
0,62459233
0,702666372
0,774734717
0,852808759
0,888842932
0,924877105
0,948899886
0,966916973
0,978928364
0,972922668
0,870825845
0,780740413
0,67864359
0,588558157
0,504478421
0,432410075
0,378358815
0,348330338
0,342324643
0,360341729
0,408387293
0,474449943
0,546518289
0,612580939
0,67864359
0,74470624
0,81076889
0,876831541
0,9308828
0,984934059
1,020968232
1,05099671
1,069013796
1,05099671
0,888842932
0,726689154
0,564535375
0,414392988
0,288273383
0,192182255
0,12011391
0,078074041
0,06606265
0,096091128
0,162153778
0,270256297
0,384364511
0,486461334
0,588558157
0,690654981
0,792751804
0,894848627
0,978928364
1,063008101
1,111053665
1,159099228
1,189127706
1,171110619
1,032979623
0,888842932
0,750711935
0,62459233
0,510484116
0,420398684
0,360341729
0,324307556
0,318301861
0,342324643
0,408387293
0,504478421
0,612580939
0,708672067
0,81076889
0,906860018
1,002951146
1,105047969
1,165104924
1,23717327
1,273207443
1,315247311
1,339270093
1,315247311
1,159099228
1,002951146
0,846803063
0,708672067
0,588558157
0,49246703
0,426404379
0,390370206
0,384364511
0,408387293
0,480455639
0,588558157
0,702666372
0,786746108
0,870825845
0,948899886
1,032979623
1,11705936
1,165104924
1,219156183
1,249184661
1,279213138
1,297230225
1,267201747
1,099042274
0,924877105
0,756717631
0,612580939
0,486461334
0,384364511
0,318301861
0,282267688
0,270256297
0,30629047
0,378358815
0,486461334
0,612580939
0,696660676
0,786746108
0,876831541
0,960911277
1,05099671
1,111053665
1,18312201
1,219156183
1,255190356
1,285218834
1,255190356
1,111053665
0,960911277
0,816774586
0,684649285
0,576546766
0,486461334
0,420398684
0,384364511
0,37235312
0,396375902
0,462438552
0,564535375
0,672637894
0,74470624
0,816774586
0,882837236
0,954905582
1,026973928
1,057002405
1,099042274
1,11705936
1,141082142
1,159099228
1,129070751
0,984934059
0,846803063
0,714677763
0,588558157
0,486461334
0,402381597
0,342324643
0,312296165
0,30629047
0,330313252
0,402381597
0,49246703
0,594563853
0,630598026
0,660626503
0,690654981
0,726689154
0,756717631
0,756717631
0,756717631
0,756717631
0,756717631
0,756717631
0,750711935
0,684649285
0,636603721
0,588558157
0,534506898
0,49246703
0,462438552
0,43841577
0,426404379
0,432410075
0,432410075
0,450427161
0,480455639
0,516489812
0,55852968
0,618586635
0,666632199
0,720683458
0,792751804
0,804763195
0,86482015
0,900854323
0,9308828
0,966916973
0,936888495
0,858814454
0,786746108
0,720683458
0,672637894
0,630598026
0,588558157
0,55852968
0,546518289
0,546518289
0,564535375
0,606575244
0,654620808
0,714677763
0,74470624
0,774734717
0,804763195
0,834791672
0,86482015
0,86482015
0,858814454
0,858814454
0,858814454
0,858814454
0,834791672
0,74470624
0,654620808
0,576546766
0,504478421
0,456432857
0,408387293
0,366347425
0,348330338
0,348330338
0,366347425
0,402381597
0,456432857
0,510484116
0,582552462
0,606575244
0,660626503
0,708672067
0,762723326
0,816774586
0,876831541
0,906860018
0,942894191
0,966916973
0,936888495
0,822780281
0,714677763
0,618586635
0,534506898
0,456432857
0,384364511
0,342324643
0,312296165
0,312296165
0,336318947
0,390370206
0,462438552
0,546518289
0,594563853
0,648615112
0,702666372
0,750711935
0,804763195
0,828785977
0,858814454
0,876831541
0,888842932
0,888842932
0,852808759
0,762723326
0,654620808
0,546518289
0,450427161
0,37235312
0,30629047
0,25223921
0,222210733
0,210199342
0,222210733
0,258244906
0,324307556
0,396375902
0,462438552
0,528501203
0,594563853
0,660626503
0,726689154
0,780740413
0,840797368
0,870825845
0,894848627
0,900854323
0,852808759
0,696660676
0,600569548
0,55852968
0,510484116
0,474449943
0,43841577
0,450427161
0,432410075
0,426404379
0,420398684
0,420398684
0,450427161
0,504478421
0,612580939
0,720683458
0,822780281
0,9308828
1,032979623
1,135076446
1,23717327
1,291224529
1,333264397
1,339270093
1,285218834
1,177116315
1,038985319
0,900854323
0,774734717
0,660626503
0,564535375
0,498472725
0,456432857
0,444421466
0,462438552
0,522495507
0,606575244
0,714677763
0,81076889
0,912865714
1,008956841
1,111053665
1,207144792
1,261196052
1,333264397
1,375304266
1,405332743
1,42334983
1,381309961
1,30323592
1,195133401
1,093036578
0,990939755
0,906860018
0,834791672
0,780740413
0,750711935
0,750711935
0,768729022
0,822780281
0,906860018
1,002951146
1,032979623
1,063008101
1,093036578
1,069013796
1,044991014
1,020968232
0,99694545
0,972922668
0,948899886
0,942894191
0,900854323
0,882837236
0,798757499
0,600569548
0,37235312
0,216205037
0,138130996
0,078074041
0,018017086
1,261196052
0,036034173
0,090085432
0,162153778
0,246233515
0,288273383
0,324307556
0,366347425
0,408387293
0,450427161
0
0
0
0
0
0
0
0
0
0
0
0
0
0
0
0
0
0
0
0
0
0
0
0
0
0
0
0
0
0
0
0
0
0
0
0
0
0
0
0
0
0
0
0
0
0
0
0
0
0
0
0
0
0
0
0
0
0
0
0
0
0
0
0
0
0
0
0
0
0
0
0
0
0
0
0
0
0
0
0
0
0
0
0
0
0
0
0
0
0
0
0
0
0
0
0
0
0
0
0
0
0
0
0
0
0
0
0
0
0
0
0
0
0
0
0
0
0
0
0
0
0
0
0
0
0
0
0
0
0
0
0
0
0
0
0
0
0
0
0
0
0
0
0
0
0
0
0
0
0
0
0
0
0
0
0
0
0
0
0
0
0
0
0
0
0
0
0
0
0
0
0
0
0
0
0
0
0
0
0
0
0
0
0
0
0
0
0
0
0
0
0
0
0
0
0
0
0
0
0
0
0
0
0
0
0
0
0
0
0
0
0
0
0
0
0
0
0
0
0
0
0
0
0
0
0
0
0
0
0
0
0
0
0
0
0
0
0
0
0
0
0
0
0
0
0
0
0
0
0
0
0
0
0
0
0
0
0
0
0
0
0
0
0
0
0
0
0
0
0
0
0
0
0
0
0
0
0
0
0
0
0
0
0
0
0
0
0
0
0
0
0
0
0
0
0
0
0
0
0
0
0
0
0
0
0
0
0
0
0
0
0
0
0
0
0
0
0
0
0
0
0
0
0
0
0
0
0
0
0
0
0
0
0
0
0
0
0
0
0
0
0
0
0
0
0
0
0
0
0
0
0
0
0
0
0
0
0
0
0
0
0
0
0
0
0
0
0
0
0
0
0
0
0
0
0
0
0
0
0
0
0
0
0
0
0
0
0
0
0
0
0
0
0
0
0
0
0
0
0
0
0
0
0
0
0
0
0
0
0
0
0
0
0
0
0
0
0
0
0
0
0
0
0
0
0
0
0
0
0
0
0
0
0
0
0
0
0
0
0
0
0
0
0
0
0
0
0
0
0
0
0
0
0
0
0
0
0
0
0
0
0
0
0
0
0
0
0
0
0
0
0
0
0
0
0
0
0
0
0
0
0
0
0
0
0
0
0
0
0
0
0
0
0
0
0
0
0
0
0
0
0
0
0
0
0
0
0
0
0
0
0
0
0
0
0
0
0
0
0
0
0
0
0
0
0
0
0
0
0
0
0
0
0
0
0
0
0
0
0
0
0
0
0
0
0
0
0
0
0
0
0
0
0
0
0
0
0
0
0
0
0
0
0
0
0
0
0
0
0
0
0
0
0
0
0
0
0
0
0
0
0
0
0
0
0
0
0
0
0
0
0
0
0
0
0
0
0
0
0
0
0
0
0
0
0
0
0
0
0
0
0
0
0
0
0
0
0
0
0
0
0
0
0
0
0
0
0
0
0
0
0
0
0
0
0
0
0
0
0
0
0
0
0
0
0
0
0
0
0
0
0
0
0
0
0
0
0
0
0
0
0
0
0
0
0
0
0
0
0
0
0
0
0
0
0
0
0
0
0
0
0
0
0
0
0
0
0
0
0
0
0
0
0
0
0
0
0
0
0
0
0
0
0
0
0
0
0
0
0
0
0
0
0
0
0
0
0
0
0
0
0
0
0
0
0
0
0
0
0
0
0
0
0
0
0
0
0
0
0
0
0
0
0
0
0
0
0
0
0
0
0
0
0
0
0
0
0
0
0
0
0
0
0
0
0
0
0
0
0
0
0
0
0
0
0
0
0
0
0
0
0
0
0
0
0
0
0
0
0
0
0
0
0
0
0
0
0
0
0
0
0
0
0
0
0
0
0
0
0
0
0
0
0
0
0
0
0
0
0
0
0
0
0
0
0
0
0
0
0
0
0
0
0
0
0
0
0
0
0
0
0
0
0
0
0
0
0
0
0
0
0
0
0
0
0
0
0
0
0
0
0
0
0
0
0
0
0
0
0
0
0
0
0
0
0
0
0
0
0
0
0
0
0
0
0
0
0
0
0
0
0
0
0
0
0
0
0
0
0
0
0
0
0
0
0
0
0
0
0
0
0
0
0
0
0
0
0
0
0
0
0
0
0
0
0
0
0
0
0
0
0
0
0
0
0
0
0
0
0
0
0
0
0
0
0
0
0
0
0
0
0
0
0
0
0
0
0
0
0
0
0
0
0
0
0
0
0
0
0
0
0
0
0
0
0
0
0
0
0
0
0
0
0
0
0
0
0
0
0
0
0
0
0
0
0
0
0
0
0
0
0
0
0
0
0
0
0
0
0
0
0
0
0
0
0
0
0
0
0
0
0
0
0
0
0
0
0
0
0
0
0
0
0
0
0
0
0
0
0
0
0
0
0
0
0
0
0
0
0
0
0
0
0
0
0
0
0
0
0
0
0
0
0
0
0
0
0
0
0
0
0
0
0
0
0
0
0
0
0
0
0
0
0
0
0
0
0
0
0
0
0
0
0
0
0
0
0
0
0
0
0
0
0
0
0
0
0
0
0
0
0
0
0
0
0
0
0
0
0
0
0
0
0
0
0
0
0
0
0
0
0
0
0
0
0
0
0
0
0
0
0
0
0
0
0
0
0
0
0
0
0
0
0
0
0
0
0
0
0
0
0
0
0
0
0
0
0
0
0
0
0
0
0
0
0
0
0
0
0
0
0
0
0
0
0
0
0
0
0
0
0
0
0
0
0
0
0
0
0
0
0
0
0
0
0
0
0
0
0
0
0
0
0
0
0
0
0
0
0
0
0
0
0
0
0
0
0
0
0
0
0
0
0
0
0
0
0
0
0
0
0
0
0
0
0
0
0
0
0
0
0
0
0
0
0
0
0
0
0
0
0
0
0
0
0
0
0
0
0
0
0
0
0
0
0
0
0
0
0
0
0
0
0
0
0
0
0
0
0
0
0
0
0
0
0
0
0
0
0
0
0
0
0
0
0
0
0
0
0
0
0
0
0
0
0
0
0
0
0
0
0
0
0
0
0
0
0
0
0
0
0
0
0
0
0
0
0
0
0
0
0
0
0
0
0
0
0
0
0
0
0
0
0
0
0
0
0
0
0
0
0
0
0
0
0
0
0
0
0
0
0
0
0
0
0
0
0
0
0
0
0
0
0
0
0
0
0
0
0
0
0
0
0
0
0
0
0
0
0
0
0
0
0
0
0
0
0
0
0
0
0
0
0
0
0
0
0
0
0
0
0
0
0
0
0
0
0
0
0
0
0
0
0
0
0
0
0
0
0
0
0
0
0
0
0
0
0
0
0
0
0
0
0
0
0
0
0
0
0
0
0
0
0
0
0
0
0
0
0
0
0
0
0
0
0
0
0
0
0
0
0
0
0
0
0
0
0
0
0
0
0
0
0
0
0
0
0
0
0
0
0
0
0
0
0
0
0
0
0
0
0
0
0
0
0
0
0
0
0
0
0
0
0
0
0
0
0
0
0
0
0
0
0
0
0
0
0
0
0
0
0
0
0
0
0
0
0
0
0
0
0
0
0
0
0
0
0
0
0
0
0
0
0
0
0
0
0
0
0
0
0
0
0
0
0
0
0
0
0
0
0
0
0
0
0
0
0
0
0
0
0
0
0
0
0
0
0
0
0
0
0
0
0
0
0
0
0
0
0
0
0
0
0
0
0
0
0
0
0
0
0
0
0
0
0
0
0
0
0
0
0
0
0
0
0
0
0
0
0
0
0
0
0
0
0
0
0
0
0
0
0
0
0
0
0
0
0
0
0
0
0
0
0
0
0
0
0
0
0
0
0
0
0
0
0
0
0
0
0
0
0
0
0
0
0
0
0
0
0
0
0
0
0
0
0
0
0
0
0
0
0
0
0
0
0
0
0
0
0
0
0
0
0
0
0
0
0
0
0
0
0
0
0
0
0
0
0
0
0
0
0
0
0
0
0
0
0
0
0
0
0
0
0
0
0
0
0
0
0
0
0
0
0
0
0
0
0
0
0
0
0
0
0
0
0
0
0
0
0
0
0
0
0
0
0
0
0
0
0
0
0
0
0
0
0
0
0
0
0
0
0
0
0
0
0
0
0
0
0
0
0
0
0
0
0
0
0
0
0
0
0
0
0
0
0
0
0
0
0
0
0
0
0
0
0
0
0
0
0
0
0
0
0
0
0
0
0
0
0
0
0
0
0
0
0
0
0
0
0
0
0
0
0
0
0
0
0
0
0
0
0
0
0
0
0
0
0
0
0
0
0
0
0
0
0
0
0
0
0
0
0
0
0
0
0
0
0
0
0
0
0
0
0
0
0
0
0
0
0
0
0
0
0
0
0
0
0
0
0
0
0
0
0
0
0
0
0
0
0
0
0
0
0
0
0
0
0
0
0
0
0
0
0
0
0
0
0
0
0
0
0
0
0
0
0
0
0
0
0
0
0
0
0
0
0
0
0
0
0
0
0
0
0
0
0
0
0
0
0
0
0
0
0
0
0
0
0
0
0
0
0
0
0
0
0
0
0
0
0
0
0
0
0
0
0
0
0
0
0
0
0
0
0
0
0
0
0
0
0
0
0
0
0
0
0
0
0
0
0
0
0
0
0
0
0
0
0
0
0
0
0
0
0
0
0
0
0
0
0
0
0
0
0
0
0
0
0
0
0
0
0
0
0
0
0
0
0
0
0
0
0
0
0
0
0
0
0
0
0
0
0
0
0
0
0
0
0
0
0
0
0
0
0
0
0
0
0
0
0
0
0
0
0
0
0
0
0
0
0
0
0
0
0
0
0
0
0
0
0
0
0
0
0
0
0
0
0
0
0
0
0
0
0
0
0
0
0
0
0
0
0
0
0
0
0
0
0
0
0
0
0
0
0
0
0
0
0
0
0
0
0
0
0
0
0
0
0
0
0
0
0
0
0
0
0
0
0
0
0
0
0
0
0
0
0
0
0
0
0
0
0
0
0
0
0
0
0
0
0
0
0
0
0
0
0
0
0
0
0
0
0
0
0
0
0
0
0
0
0
0
0
0
0
0
0
0
0
0
0
0
0
0
0
0
0
0
0
0
0
0
0
0
0
0
0
0
0
0
0
0
0
0
0
0
0
0
0
0
0
0
0
0
0
0
0
0
0
0
0
0
0
0
0
0
0
0
0
0
0
0
0
0
0
0
0
0
0
0
0
0
0
0
0
0
0
0
0
0
0
0
0
0
0
0
0
0
0
0
0
0
0
0
0
0
0
0
0
0
0
0
0
0
0
0
0
0
0
0
0
0
0
0
0
0
0
0
0
0
0
0
0
0
0
0
0
0
0
0
0
0
0
0
0
0
0
0
0
0
0
0
0
0
0
0
0
0
0
0
0
0
0
0
0
0
0
0
0
0
0
0
0
0
0
0
0
0
0
0
0
0
0
0
0
0
0
0
0
0
0
0
0
0
0
0
0
0
0
0
0
0
0
0
0
0
0
0
0
0
0
0
0
0
0
0
0
0
0
0
0
0
0
0
0
0
0
0
0
0
0
0
0
0
0
0
0
0
0
0
0
0
0
0
0
0
0
0
0
0
0
0
0
0
0
0
0
0
0
0
0
0
0
0
0
0
0
0
0
0
0
0
0
0
0
0
0
0
0
0
0
0
0
0
0
0
0
0
0
0
0
0
0
0
0
0
0
0
0
0
0
0
0
0
0
0
0
0
0
0
0
0
0
0
0
0
0
0
0
0
0
0
0
0
0
0
0
0
0
0
0
0
0
0
0
0
0
0
0
0
0
0
0
0
0
0
0
0
0
0
0
0
0
0
0
0
0
0
0
0
0
0
0
0
0
0
0
0
0
0
0
0
0
0
0
0
0
0
0
0
0
0
0
0
0
0
0
0
0
0
0
0
0
0
0
0
0
0
0
0
0
0
0
0
0
0
0
0
0
0
0
0
0
0
0
0
0
0
0
0
0
0
0
0
0
0
0
0
0
0
0
0
0
0
0
0
0
0
0
0
0
0
0
0
0
0
0
0
0
0
0
0
0
0
0
0
0
0
0
0
0
0
0
0
0
0
0
0
0
0
0
0
0
0
0
0
0
0
0
0
0
0
0
0
0
0
0
0
0
0
0
0
0
0
0
0
0
0
0
0
0
0
0
0
0
0
0
0
0
0
0
0
0
0
0
0
0
0
0
0
0
0
0
0
0
0
0
0
0
0
0
0
0
0
0
0
0
0
0
0
0
0
0
0
0
0
0
0
0
0
0
0
0
0
0
0
0
0
0
0
0
0
0
0
0
0
0
0
0
0
0
0
0
0
0
0
0
0
0
0
0
0
0
0
0
0
0
0
0
0
0
0
0
0
0
0
0
0
0
0
0
0
0
0
0
0
0
0
0
0
0
0
0
0
0
0
0
0
0
0
0
0
0
0
0
0
0
0
0
0
0
0
0
0
0
0
0
0
0
0
0
0
0
0
0
0
0
0
0
0
0
0
0
0
0
0
0
0
0
0
0
0
0
0
0
0
0
0
0
0
0
0
0
0
0
0
0
0
0
0
0
0
0
0
0
0
0
0
0
0
0
0
0
0
0
0
0
0
0
0
0
0
0
0
0
0
0
0
0
0
0
0
0
0
0
0
0
0
0
0
0
0
0
0
0
0
0
0
0
0
0
0
0
0
0
0
0
0
0
0
0
0
0
0
0
0
0
0
0
0
0
0
0
0
0
0
0
0
0
0
0
0
0
0
0
0
0
0
0
0
0
0
0
0
0
0
0
0
0
0
0
0
0
0
0
0
0
0
0
0
0
0
0
0
0
0
0
0
0
0
0
0
0
0
0
0
0
0
0
0
0
0
0
0
0
0
0
0
0
0
0
0
0
0
0
0
0
0
0
0
0
0
0
0
0
0
0
0
0
0
0
0
0
0
0
0
0
0
0
0
0
0
0
0
0
0
0
0
0
0
0
0
0
0
0
0
0
0
0
0
0
0
0
0
0
0
0
0
0
0
0
0
0
0
0
0
0
0
0
0
0
0
0
0
0
0
0
0
0
0
0
0
0
0
0
0
0
0
0
0
0
0
0
0
0
0
0
0
0
0
0
0
0
0
0
0
0
0
0
0
0
0
0
0
0
0
0
0
0
0
0
0
0
0
0
0
0
0
0
0
0
0
0
0
0
0
0
0
0
0
0
0
0
0
0
0
0
0
0
0
0
0
0
0
0
0
0
0
0
0
0
0
0
0
0
0
0
0
0
0
0
0
0
0
0
0
0
0
0
0
0
0
0
0
0
0
0
0
0
0
0
0
0
0
0
0
0
0
0
0
0
0
0
0
0
0
0
0
0
0
0
0
0
0
0
0
0
0
0
0
0
0
0
0
0
0
0
0
0
0
0
0
0
0
0
0
0
0
0
0
0
0
0
0
0
0
0
0
0
0
0
0
0
0
0
0
0
0
0
0
0
0
0
0
0
0
0
0
0
0
0
0
0
0
0
0
0
0
0
0
0
0
0
0
0
0
0
0
0
0
0
0
0
0
0
0
0
0
0
0
0
0
0
0
0
0
0
0
0
0
0
0
0
0
0
0
0
0
0
0
0
0
0
0
0
0
0
0
0
0
0
0
0
0
0
0
0
0
0
0
0
0
0
0
0
0
0
0
0
0
0
0
0
0
0
0
0
0
0
0
0
0
0
0
0
0
0
0
0
0
0
0
0
0
0
0
0
0
0
0
0
0
0
0
0
0
0
0
0
0
0
0
0
0
0
0
0
0
0
0
0
0
0
0
0
0
0
0
0
0
0
0
0
0
0
0
0
0
0
0
0
0
0
0
0
0
0
0
0
0
0
0
0
0
0
0
0
0
0
0
0
0
0
0
0
0
0
0
0
0
0
0
0
0
0
0
0
0
0
0
0
0
0
0
0
0
0
0
0
0
0
0
0
0
0
0
0
0
0
0
0
0
0
0
0
0
0
0
0
0
0
0
0
0
0
0
0
0
0
0
0
0
0
0
0
0
0
0
0
0
0
0
0
0
0
0
0
0
0
0
0
0
0
0
0
0
0
0
0
0
0
0
0
0
0
0
0
0
0
0
0
0
0
0
0
0
0
0
0
0
0
0
0
0
0
0
0
0
0
0
0
0
0
0
0
0
0
0
0
0
0
0
0
0
0
0
0
0
0
0
0
0
0
0
0
0
0
0
0
0
0
0
0
0
0
0
0
0
0
0
0
0
0
0
0
0
0
0
0
0
0
0
0
0
0
0
0
0
0
0
0
0
0
0
0
0
0
0
0
0
0
0
0
0
0
0
0
0
0
0
0
0
0
0
0
0
0
0
0
0
0
0
0
0,990112689
1,064202755
1,104615517
1,151763741
1,178705583
1,185441043
1,057467294
0,868874401
0,660075126
0,464746773
0,303095721
0,175121972
0,087560986
0,040412763
0,040412763
0,107767368
0,229005656
0,377185786
0,437804931
0,498424075
0,559043219
0,619662363
0,673546047
0,734165191
0,761107033
0,788048875
0,801519796
0,814990717
0,821726178
0,828461638
0,754371573
0,660075126
0,545572298
0,444540391
0,370450326
0,323302103
0,276153879
0,255947498
0,262682958
0,2896248
0,350243945
0,42433401
0,451275852
0,478217694
0,511894996
0,538836838
0,56577868
0,592720522
0,612926903
0,626397824
0,633133284
0,639868745
0,646604205
0,646604205
0,592720522
0,525365917
0,464746773
0,42433401
0,383921247
0,330037563
0,303095721
0,296360261
0,309831182
0,343508484
0,383921247
0,451275852
0,458011312
0,491688614
0,518630456
0,545572298
0,579249601
0,606191443
0,639868745
0,680281508
0,693752429
0,71395881
0,720694271
0,720694271
0,646604205
0,525365917
0,390656707
0,269418419
0,14144467
0,053883684
1,414446699
1,414446699
1,414446699
0,00673546
0,087560986
0,175121972
0,249212037
0,330037563
0,404127628
0,478217694
0,552307759
0,626397824
0,700487889
0,788048875
0,828461638
0,868874401
0,902551703
0,909287164
0,788048875
0,599455982
0,390656707
0,195328354
0,026941842
1,414446699
1,414446699
1,414446699
1,414446699
1,414446699
1,414446699
0,101031907
0,181857433
0,262682958
0,350243945
0,43106947
0,518630456
0,599455982
0,660075126
0,71395881
0,740900652
0,774577954
0,794784336
0,794784336
0,687016968
0,505159535
0,316566642
0,134709209
1,414446699
1,414446699
1,414446699
1,414446699
1,414446699
1,414446699
1,414446699
1,414446699
0,101031907
0,208799275
0,309831182
0,410863089
0,518630456
0,619662363
0,71395881
0,821726178
0,875609861
0,929493545
0,969906308
0,976641768
0,875609861
0,666810587
0,437804931
0,229005656
0,060619144
1,414446699
1,414446699
1,414446699
1,414446699
1,414446699
0,087560986
0,229005656
0,296360261
0,370450326
0,437804931
0,505159535
0,57251414
0,646604205
0,680281508
0,720694271
0,740900652
0,767842494
0,781313415
0,781313415
0,680281508
0,505159535
0,316566642
0,134709209
1,414446699
1,414446699
1,414446699
1,414446699
1,414446699
1,414446699
1,414446699
0,033677302
0,087560986
0,14818013
0,202063814
0,262682958
0,323302103
0,377185786
0,42433401
0,464746773
0,491688614
0,511894996
0,525365917
0,525365917
0,458011312
0,336773024
0,161651051
1,414446699
1,414446699
1,414446699
1,414446699
1,414446699
1,414446699
1,414446699
1,414446699
1,414446699
0,040412763
0,094296447
0,14818013
0,208799275
0,262682958
0,323302103
0,383921247
0,444540391
0,478217694
0,511894996
0,532101377
0,532101377
0,437804931
0,28288934
0,101031907
1,414446699
1,414446699
1,414446699
1,414446699
1,414446699
1,414446699
1,414446699
1,414446699
1,414446699
1,414446699
0,013470921
0,101031907
0,188592893
0,276153879
0,370450326
0,444540391
0,532101377
0,579249601
0,626397824
0,660075126
0,666810587
0,579249601
0,410863089
0,229005656
0,053883684
1,414446699
1,414446699
1,414446699
1,414446699
1,414446699
1,414446699
1,414446699
1,414446699
0,040412763
0,087560986
0,14144467
0,188592893
0,242476577
0,2896248
0,303095721
0,316566642
0,323302103
0,330037563
0,336773024
0,336773024
0,303095721
0,296360261
0,188592893
0,121238289
0,087560986
0,047148223
0,033677302
0,040412763
0,060619144
0,094296447
0,107767368
0,134709209
0,168386512
0,202063814
0,235741117
0,269418419
0,303095721
0,336773024
0,444540391
0,559043219
0,619662363
0,673546047
0,720694271
0,727429731
0,639868745
0,464746773
0,269418419
0,087560986
1,414446699
1,414446699
1,414446699
1,414446699
1,414446699
1,414446699
1,414446699
0,020206381
0,101031907
0,181857433
0,269418419
0,350243945
0,437804931
0,518630456
0,56577868
0,612926903
0,639868745
0,660075126
0,680281508
0,680281508
0,639868745
0,532101377
0,377185786
0,229005656
0,107767368
1,414446699
1,414446699
1,414446699
1,414446699
1,414446699
1,414446699
0,094296447
0,168386512
0,242476577
0,316566642
0,390656707
0,464746773
0,538836838
0,599455982
0,673546047
0,740900652
0,781313415
0,821726178
0,84866802
0,808255257
0,693752429
0,471482233
0,350243945
0,296360261
0,269418419
0,229005656
0,195328354
0,195328354
0,229005656
0,309831182
0,404127628
0,451275852
0,491688614
0,538836838
0,579249601
0,619662363
0,666810587
0,680281508
0,687016968
0,700487889
0,70722335
0,70722335
0,71395881
0,693752429
0,559043219
0,458011312
0,343508484
0,255947498
0,181857433
0,14144467
0,121238289
0,14144467
0,188592893
0,255947498
0,323302103
0,363714866
0,410863089
0,451275852
0,491688614
0,538836838
0,579249601
0,633133284
0,680281508
0,734165191
0,761107033
0,788048875
0,808255257
0,774577954
0,612926903
0,444540391
0,28288934
0,188592893
0,127973749
0,080825526
0,053883684
0,074090065
0,14818013
0,229005656
0,323302103
0,397392168
0,471482233
0,538836838
0,612926903
0,687016968
0,754371573
0,828461638
0,902551703
0,976641768
1,023789992
1,064202755
1,091144597
1,037260913
0,808255257
0,606191443
0,42433401
0,28288934
0,175121972
0,107767368
0,087560986
0,121238289
0,215534735
0,363714866
0,410863089
0,464746773
0,511894996
0,559043219
0,612926903
0,660075126
0,70722335
0,727429731
0,740900652
0,754371573
0,761107033
0,774577954
0,774577954
0,720694271
0,525365917
0,377185786
0,208799275
0,053883684
1,414446699
1,414446699
1,414446699
1,414446699
1,414446699
0,040412763
0,107767368
0,168386512
0,235741117
0,296360261
0,363714866
0,42433401
0,491688614
0,559043219
0,633133284
0,700487889
0,740900652
0,774577954
0,801519796
0,754371573
0,57251414
0,397392168
0,235741117
0,107767368
0,00673546
1,414446699
1,414446699
1,414446699
1,414446699
0,121238289
0,215534735
0,303095721
0,390656707
0,478217694
0,57251414
0,660075126
0,747636112
0,828461638
0,916022624
1,00358361
1,043996373
1,091144597
1,124821899
1,070938215
0,84866802
0,639868745
0,451275852
0,303095721
0,188592893
0,121238289
0,101031907
0,127973749
0,222270196
0,377185786
0,451275852
0,525365917
0,606191443
0,680281508
0,754371573
0,835197099
0,909287164
0,963170848
1,017054531
1,070938215
1,104615517
1,131557359
1,151763741
1,104615517
0,895816243
0,693752429
0,518630456
0,377185786
0,269418419
0,202063814
0,175121972
0,202063814
0,28288934
0,42433401
0,491688614
0,559043219
0,626397824
0,693752429
0,761107033
0,828461638
0,895816243
0,949699927
1,010319071
1,070938215
1,104615517
1,131557359
1,158499201
1,111350978
0,895816243
0,687016968
0,505159535
0,350243945
0,242476577
0,168386512
0,14818013
0,168386512
0,262682958
0,410863089
0,464746773
0,525365917
0,579249601
0,639868745
0,693752429
0,754371573
0,808255257
0,84866802
0,882345322
0,922758085
0,936229006
0,956435387
0,976641768
0,942964466
0,868874401
0,875609861
0,86213894
0,828461638
0,767842494
0,660075126
0,57251414
0,525365917
0,511894996
0,559043219
0,619662363
0,680281508
0,734165191
0,794784336
0,85540348
0,916022624
0,976641768
1,043996373
1,124821899
1,205647425
1,246060187
1,293208411
1,320150253
1,299943871
1,131557359
0,983377229
0,84866802
0,740900652
0,660075126
0,612926903
0,599455982
0,626397824
0,700487889
0,821726178
0,882345322
0,942964466
1,00358361
1,070938215
1,131557359
1,192176504
1,252795648
1,27973749
1,306679332
1,326885713
1,340356634
1,353827555
1,360563015
1,326885713
1,131557359
0,936229006
0,767842494
0,619662363
0,505159535
0,437804931
0,404127628
0,417598549
0,498424075
0,626397824
0,687016968
0,747636112
0,808255257
0,875609861
0,936229006
0,99684815
1,057467294
1,111350978
1,178705583
1,252795648
1,293208411
1,333621174
1,360563015
1,347092094
1,205647425
1,070938215
0,949699927
0,84866802
0,781313415
0,747636112
0,740900652
0,774577954
0,84866802
0,963170848
1,00358361
1,050731834
1,091144597
1,13829282
1,185441043
1,225853806
1,273002029
1,259531108
1,246060187
1,232589266
1,225853806
1,219118345
1,212382885
1,178705583
0,963170848
0,754371573
0,57251414
0,444540391
0,350243945
0,2896248
0,276153879
0,296360261
0,383921247
0,511894996
0,532101377
0,559043219
0,585985061
0,606191443
0,633133284
0,653339666
0,680281508
0,70722335
0,747636112
0,781313415
0,781313415
0,788048875
0,828461638
0,794784336
0,754371573
0,727429731
0,740900652
0,633133284
0,612926903
0,592720522
0,592720522
0,599455982
0,619662363
0,646604205
0,680281508
0,70722335
0,740900652
0,761107033
0,794784336
0,814990717
0,84866802
0,875609861
0,922758085
0,936229006
0,949699927
0,969906308
0,969906308
0,963170848
0,902551703
0,841932559
0,781313415
0,740900652
0,70722335
0,687016968
0,673546047
0,687016968
0,71395881
0,754371573
0,794784336
0,828461638
0,868874401
0,909287164
0,942964466
1,023789992
1,104615517
1,185441043
1,266266569
1,353827555
1,434653081
1,461594922
1,502007685
1,502007685
1,400975778
1,299943871
1,219118345
1,14502828
1,097880057
1,077673676
1,084409136
1,124821899
1,178705583
1,252795648
1,299943871
1,347092094
1,400975778
1,448124002
1,502007685
1,549155909
1,596304132
1,616510513
1,629981434
1,650187816
1,656923276
1,663658737
1,663658737
1,636716895
1,441388541
1,246060187
1,057467294
0,902551703
0,794784336
0,747636112
0,734165191
0,761107033
0,84866802
0,976641768
1,037260913
1,097880057
1,158499201
1,219118345
1,27973749
1,340356634
1,400975778
1,468330383
1,542420448
1,609775053
1,650187816
1,690600579
1,71754242
1,697336039
1,468330383
1,239324727
1,023789992
0,85540348
0,727429731
0,646604205
0,619662363
0,653339666
0,761107033
0,922758085
0,983377229
1,043996373
1,104615517
1,165234662
1,225853806
1,27973749
1,340356634
1,380769397
1,42118216
1,461594922
1,488536764
1,508743146
1,522214067
1,515478606
1,448124002
1,340356634
1,225853806
1,131557359
1,010319071
0,895816243
0,814990717
0,794784336
0,814990717
0,916022624
0,949699927
0,976641768
1,010319071
1,037260913
1,070938215
1,097880057
1,131557359
1,158499201
1,165234662
1,192176504
1,266266569
1,232589266
1,205647425
1,198911964
1,14502828
1,084409136
1,010319071
0,963170848
0,909287164
0,882345322
0,875609861
0,875609861
0,895816243
0,942964466
0,983377229
1,017054531
1,077673676
1,118086438
1,131557359
1,171970122
1,212382885
1,293208411
1,380769397
1,468330383
1,515478606
1,56262683
1,596304132
1,582833211
1,387504857
1,171970122
0,976641768
0,814990717
0,700487889
0,626397824
0,606191443
0,639868745
0,747636112
0,895816243
0,956435387
1,017054531
1,077673676
1,13829282
1,198911964
1,259531108
1,320150253
1,360563015
1,400975778
1,441388541
1,461594922
1,481801304
1,495272225
1,481801304
1,293208411
1,097880057
0,929493545
0,781313415
0,673546047
0,592720522
0,579249601
0,619662363
0,720694271
0,85540348
0,875609861
0,902551703
0,929493545
0,956435387
0,976641768
1,00358361
1,030525452
1,037260913
1,043996373
1,050731834
1,057467294
1,057467294
1,064202755
1,050731834
0,922758085
0,794784336
0,673546047
0,579249601
0,505159535
0,451275852
0,437804931
0,464746773
0,525365917
0,612926903
0,653339666
0,673546047
0,700487889
0,727429731
0,754371573
0,781313415
0,808255257
0,841932559
0,875609861
0,909287164
0,929493545
0,949699927
0,956435387
0,949699927
0,841932559
0,700487889
0,579249601
0,471482233
0,383921247
0,336773024
0,316566642
0,323302103
0,383921247
0,478217694
0,518630456
0,559043219
0,599455982
0,639868745
0,680281508
0,720694271
0,761107033
0,794784336
0,835197099
0,868874401
0,889080782
0,909287164
0,922758085
0,916022624
0,767842494
0,626397824
0,505159535
0,404127628
0,323302103
0,276153879
0,255947498
0,276153879
0,350243945
0,444540391
0,491688614
0,538836838
0,579249601
0,626397824
0,673546047
0,720694271
0,761107033
0,808255257
0,84866802
0,895816243
0,916022624
0,936229006
0,956435387
0,942964466
0,788048875
0,599455982
0,444540391
0,276153879
0,14144467
0,053883684
0,00673546
0,00673546
0,094296447
0,229005656
0,296360261
0,363714866
0,43106947
0,505159535
0,57251414
0,639868745
0,70722335
0,781313415
0,84866802
0,922758085
0,956435387
0,990112689
1,017054531
1,017054531
0,99684815
0,929493545
0,85540348
0,781313415
0,646604205
0,545572298
0,491688614
0,471482233
0,518630456
0,592720522
0,653339666
0,71395881
0,767842494
0,828461638
0,889080782
0,949699927
1,00358361
1,064202755
1,118086438
1,178705583
1,205647425
1,232589266
1,252795648
1,252795648
1,14502828
1,00358361
0,882345322
0,734165191
0,633133284
0,57251414
0,538836838
0,518630456
0,56577868
0,666810587
0,740900652
0,808255257
0,882345322
0,949699927
1,023789992
1,091144597
1,165234662
1,232589266
1,299943871
1,367298476
1,400975778
1,434653081
1,454859462
1,448124002
1,252795648
1,017054531
0,801519796
0,619662363
0,484953154
0,397392168
0,363714866
0,397392168
0,511894996
0,666810587
0,740900652
0,821726178
0,895816243
0,976641768
1,050731834
1,131557359
1,205647425
1,27973749
1,353827555
1,42791762
1,468330383
1,508743146
1,535684988
1,528949527
1,353827555
1,151763741
0,949699927
0,788048875
0,660075126
0,585985061
0,559043219
0,592720522
0,693752429
0,841932559
0,902551703
0,963170848
1,030525452
1,091144597
1,151763741
1,219118345
1,27973749
1,326885713
1,380769397
1,42791762
1,454859462
1,481801304
1,495272225
1,488536764
1,293208411
1,064202755
0,84866802
0,660075126
0,518630456
0,43106947
0,397392168
0,43106947
0,545572298
0,700487889
0,761107033
0,814990717
0,868874401
0,929493545
0,983377229
1,043996373
1,097880057
1,151763741
1,198911964
1,252795648
1,273002029
1,299943871
1,320150253
1,313414792
1,158499201
0,963170848
0,767842494
0,599455982
0,478217694
0,404127628
0,383921247
0,42433401
0,518630456
0,653339666
0,71395881
0,774577954
0,841932559
0,902551703
0,963170848
1,030525452
1,091144597
1,151763741
1,225853806
1,293208411
1,333621174
1,367298476
1,394240318
1,394240318
1,259531108
1,097880057
0,936229006
0,801519796
0,70722335
0,653339666
0,639868745
0,680281508
0,767842494
0,889080782
0,909287164
0,929493545
0,949699927
0,969906308
0,99684815
1,017054531
1,037260913
1,030525452
1,023789992
1,010319071
1,00358361
0,99684815
0,990112689
0,983377229
0,835197099
0,666810587
0,484953154
0,336773024
0,195328354
0,114502828
0,074090065
0,080825526
0,154915591
0,276153879
0,330037563
0,383921247
0,43106947
0,484953154
0,532101377
0,585985061
0,639868745
0,70722335
0,781313415
0,85540348
0,895816243
0,936229006
0,963170848
0,963170848
0,86213894
0,740900652
0,612926903
0,505159535
0,417598549
0,370450326
0,356979405
0,383921247
0,458011312
0,545572298
0,599455982
0,653339666
0,70722335
0,754371573
0,808255257
0,86213894
0,916022624
0,956435387
0,99684815
1,030525452
1,050731834
1,070938215
1,084409136
1,077673676
1,030525452
0,976641768
0,875609861
0,828461638
0,747636112
0,646604205
0,585985061
0,552307759
0,57251414
0,646604205
0,700487889
0,754371573
0,801519796
0,85540348
0,909287164
0,963170848
1,017054531
1,077673676
1,13829282
1,198911964
1,232589266
1,259531108
1,28647295
1,28647295
1,131557359
0,936229006
0,734165191
0,56577868
0,43106947
0,350243945
0,323302103
0,356979405
0,458011312
0,599455982
0,646604205
0,693752429
0,747636112
0,794784336
0,841932559
0,889080782
0,936229006
0,976641768
1,010319071
1,043996373
1,064202755
1,077673676
1,091144597
1,084409136
0,963170848
0,794784336
0,633133284
0,491688614
0,383921247
0,316566642
0,2896248
0,316566642
0,390656707
0,505159535
0,56577868
0,626397824
0,687016968
0,747636112
0,808255257
0,868874401
0,936229006
1,00358361
1,077673676
1,151763741
1,192176504
1,232589266
1,259531108
1,259531108
1,273002029
1,205647425
1,165234662
1,178705583
1,171970122
1,178705583
1,043996373
1,00358361
1,00358361
1,050731834
1,077673676
1,097880057
1,124821899
1,151763741
1,171970122
1,198911964
1,225853806
1,225853806
1,232589266
1,232589266
1,232589266
1,232589266
1,225853806
1,225853806
1,14502828
1,037260913
0,949699927
0,85540348
0,774577954
0,720694271
0,693752429
0,71395881
0,774577954
0,841932559
0,868874401
0,895816243
0,929493545
0,956435387
0,983377229
1,017054531
1,043996373
1,084409136
1,124821899
1,165234662
1,185441043
1,198911964
1,212382885
1,205647425
1,064202755
0,909287164
0,747636112
0,680281508
0,720694271
0,740900652
0,761107033
0,788048875
0,85540348
0,916022624
0,956435387
1,00358361
1,043996373
1,091144597
1,131557359
1,178705583
1,219118345
1,273002029
1,333621174
1,387504857
1,42118216
1,448124002
1,468330383
1,468330383
1,353827555
1,192176504
1,023789992
0,882345322
0,767842494
0,700487889
0,680281508
0,700487889
0,788048875
0,902551703
0,949699927
0,99684815
1,043996373
1,091144597
1,13829282
1,185441043
1,232589266
1,273002029
1,313414792
1,347092094
1,367298476
1,387504857
1,400975778
1,400975778
1,340356634
1,299943871
1,185441043
1,151763741
1,097880057
1,111350978
1,104615517
1,104615517
1,13829282
1,185441043
1,225853806
1,266266569
1,313414792
1,353827555
1,394240318
1,454859462
1,495272225
1,535684988
1,596304132
1,656923276
1,683865118
1,71754242
1,737748802
1,744484262
1,670394197
1,56936229
1,461594922
1,367298476
1,299943871
1,259531108
1,246060187
1,259531108
1,320150253
1,394240318
1,434653081
1,468330383
1,508743146
1,542420448
1,576097751
1,616510513
1,650187816
1,670394197
1,690600579
1,71754242
1,724277881
1,737748802
1,744484262
1,744484262
1,677129658
1,481801304
1,326885713
1,205647425
1,13829282
1,097880057
1,064202755
1,124821899
1,185441043
1,27973749
1,299943871
1,313414792
1,326885713
1,340356634
1,360563015
1,374033936
1,387504857
1,400975778
1,42118216
1,42118216
1,42791762
1,42791762
1,454859462
1,42791762
1,407711239
1,394240318
1,374033936
1,347092094
1,212382885
1,124821899
1,070938215
1,023789992
1,043996373
1,091144597
1,124821899
1,158499201
1,192176504
1,225853806
1,259531108
1,299943871
1,333621174
1,387504857
1,461594922
1,502007685
1,535684988
1,576097751
1,589568671
1,596304132
1,589568671
1,56262683
1,528949527
1,502007685
1,495272225
1,481801304
1,481801304
1,488536764
1,515478606
1,542420448
1,542420448
1,535684988
1,582833211
1,549155909
1,535684988
1,515478606
1,522214067
1,488536764
1,475065843
1,42118216
1,400975778
1,380769397
1,374033936
1,367298476
1,340356634
1,313414792
1,28647295
1,246060187
1,192176504
1,13829282
0,949699927
0,86213894
0,84866802
0,909287164
0,929493545
0,956435387
0,976641768
0,99684815
1,023789992
1,043996373
1,070938215
1,124821899
1,185441043
1,239324727
1,266266569
1,299943871
1,313414792
1,313414792
1,306679332
1,259531108
1,232589266
1,225853806
1,185441043
1,084409136
0,976641768
0,936229006
0,942964466
0,99684815
1,050731834
1,104615517
1,165234662
1,219118345
1,27973749
1,333621174
1,394240318
1,475065843
1,56262683
1,643452355
1,690600579
1,737748802
1,764690644
1,771426104
1,677129658
1,528949527
1,367298476
1,232589266
1,124821899
1,057467294
1,030525452
1,057467294
1,14502828
1,252795648
1,313414792
1,367298476
1,42118216
1,481801304
1,535684988
1,589568671
1,643452355
1,683865118
1,724277881
1,764690644
1,784897025
1,805103407
1,818574328
1,818574328
1,724277881
1,56262683
1,400975778
1,252795648
1,14502828
1,070938215
1,043996373
1,064202755
1,14502828
1,252795648
1,299943871
1,347092094
1,400975778
1,448124002
1,495272225
1,542420448
1,589568671
1,643452355
1,690600579
1,737748802
1,764690644
1,791632486
1,811838867
1,811838867
1,71080696
1,535684988
1,347092094
1,185441043
1,057467294
0,976641768
0,942964466
0,963170848
1,057467294
1,178705583
1,225853806
1,27973749
1,326885713
1,374033936
1,42118216
1,468330383
1,522214067
1,56262683
1,609775053
1,650187816
1,677129658
1,697336039
1,71080696
1,71080696
1,609775053
1,42791762
1,232589266
1,064202755
0,929493545
0,841932559
0,801519796
0,828461638
0,922758085
1,050731834
1,104615517
1,151763741
1,205647425
1,259531108
1,313414792
1,367298476
1,42118216
1,475065843
1,528949527
1,589568671
1,616510513
1,650187816
1,670394197
1,677129658
1,596304132
1,502007685
1,434653081
1,367298476
1,360563015
1,387504857
1,326885713
1,299943871
1,320150253
1,380769397
1,414446699
1,448124002
1,481801304
1,515478606
1,549155909
1,582833211
1,616510513
1,629981434
1,636716895
1,643452355
1,650187816
1,650187816
1,650187816
1,656923276
1,582833211
1,387504857
1,219118345
1,084409136
0,990112689
0,929493545
0,909287164
0,942964466
1,030525452
1,13829282
1,178705583
1,219118345
1,259531108
1,299943871
1,340356634
1,380769397
1,42118216
1,475065843
1,535684988
1,596304132
1,629981434
1,663658737
1,683865118
1,71080696
1,7040715
1,656923276
1,609775053
1,582833211
1,576097751
1,549155909
1,542420448
1,56936229
1,596304132
1,650187816
1,643452355
1,656923276
1,670394197
1,690600579
1,7040715
1,71754242
1,737748802
1,724277881
1,71080696
1,697336039
1,690600579
1,677129658
1,670394197
1,663658737
1,582833211
1,347092094
1,158499201
0,99684815
0,882345322
0,808255257
0,781313415
0,808255257
0,909287164
1,037260913
1,064202755
1,084409136
1,111350978
1,13829282
1,165234662
1,185441043
1,212382885
1,266266569
1,306679332
1,353827555
1,400975778
1,407711239
1,434653081
1,448124002
1,448124002
1,475065843
1,434653081
1,42118216
1,414446699
1,42118216
1,333621174
1,299943871
1,299943871
1,340356634
1,347092094
1,360563015
1,374033936
1,380769397
1,394240318
1,407711239
1,42118216
1,407711239
1,400975778
1,387504857
1,380769397
1,374033936
1,374033936
1,367298476
1,306679332
1,14502828
1,077673676
1,030525452
0,990112689
0,936229006
0,889080782
0,868874401
0,929493545
0,99684815
1,017054531
1,037260913
1,050731834
1,070938215
1,091144597
1,104615517
1,124821899
1,158499201
1,192176504
1,225853806
1,239324727
1,259531108
1,273002029
1,28647295
1,252795648
1,124821899
1,023789992
0,936229006
0,868874401
0,835197099
0,821726178
0,841932559
0,902551703
0,976641768
1,00358361
1,023789992
1,043996373
1,064202755
1,084409136
1,104615517
1,131557359
1,13829282
1,151763741
1,158499201
1,165234662
1,165234662
1,165234662
1,171970122
1,111350978
1,00358361
0,922758085
0,794784336
0,71395881
0,639868745
0,606191443
0,579249601
0,646604205
0,727429731
0,767842494
0,808255257
0,84866802
0,889080782
0,929493545
0,969906308
1,010319071
1,064202755
1,124821899
1,185441043
1,219118345
1,252795648
1,273002029
1,293208411
1,266266569
1,165234662
1,077673676
1,00358361
0,949699927
0,922758085
0,916022624
0,936229006
0,990112689
1,064202755
1,084409136
1,104615517
1,124821899
1,14502828
1,165234662
1,185441043
1,205647425
1,198911964
1,192176504
1,192176504
1,185441043
1,178705583
1,178705583
1,178705583
1,131557359
0,949699927
0,781313415
0,646604205
0,545572298
0,484953154
0,464746773
0,498424075
0,585985061
0,687016968
0,727429731
0,761107033
0,794784336
0,835197099
0,868874401
0,902551703
0,942964466
0,983377229
1,030525452
1,077673676
1,104615517
1,124821899
1,14502828
1,158499201
1,111350978
0,916022624
0,868874401
0,781313415
0,727429731
0,700487889
0,747636112
0,781313415
0,835197099
0,902551703
0,936229006
0,969906308
1,00358361
1,030525452
1,064202755
1,097880057
1,131557359
1,158499201
1,178705583
1,205647425
1,212382885
1,225853806
1,225853806
1,232589266
1,192176504
1,037260913
0,889080782
0,788048875
0,71395881
0,673546047
0,660075126
0,680281508
0,740900652
0,828461638
0,889080782
0,949699927
1,010319071
1,064202755
1,124821899
1,185441043
1,246060187
1,333621174
1,434653081
1,535684988
1,596304132
1,650187816
1,697336039
1,737748802
1,724277881
1,623245974
1,535684988
1,468330383
1,407711239
1,387504857
1,394240318
1,42791762
1,495272225
1,56936229
1,56936229
1,576097751
1,576097751
1,576097751
1,576097751
1,576097751
1,576097751
1,535684988
1,481801304
1,42791762
1,400975778
1,374033936
1,340356634
1,313414792
1,273002029
1,246060187
1,212382885
1,178705583
1,043996373
0,990112689
0,821726178
0,740900652
0,727429731
0,794784336
0,828461638
0,86213894
0,895816243
0,922758085
0,956435387
0,990112689
1,023789992
1,131557359
1,246060187
1,360563015
1,42118216
1,481801304
1,522214067
1,56262683
1,535684988
1,387504857
1,252795648
1,14502828
1,070938215
1,023789992
1,010319071
1,043996373
1,118086438
1,212382885
1,299943871
1,387504857
1,468330383
1,555891369
1,636716895
1,724277881
1,811838867
1,865722551
1,933077156
1,9936963
2,027373602
2,067786365
2,087992746
2,114934588
2,081257286
1,899399853
1,737748802
1,603039592
1,508743146
1,448124002
1,42791762
1,461594922
1,555891369
1,670394197
1,71080696
1,757955183
1,798367946
1,838780709
1,879193472
1,919606235
1,966754458
1,980225379
1,9936963
2,007167221
2,020638142
2,027373602
2,027373602
2,034109063
2,027373602
2,00043176
1,960018997
1,926341695
1,892664393
1,872458011
1,737748802
1,683865118
1,683865118
1,737748802
1,751219723
1,764690644
1,778161565
1,791632486
1,805103407
1,818574328
1,832045248
1,845516169
1,85898709
1,872458011
1,879193472
1,885928932
1,885928932
1,892664393
1,879193472
1,845516169
1,771426104
1,731013341
1,71080696
1,7040715
1,582833211
1,535684988
1,542420448
1,603039592
1,623245974
1,636716895
1,656923276
1,677129658
1,697336039
1,71080696
1,731013341
1,751219723
1,778161565
1,798367946
1,811838867
1,818574328
1,832045248
1,838780709
1,818574328
1,737748802
1,656923276
1,596304132
1,549155909
1,515478606
1,502007685
1,522214067
1,56262683
1,616510513
1,629981434
1,656923276
1,663658737
1,677129658
1,690600579
1,7040715
1,71754242
1,737748802
1,737748802
1,744484262
1,751219723
1,751219723
1,757955183
1,757955183
1,737748802
1,724277881
1,690600579
1,582833211
1,481801304
1,42791762
1,380769397
1,353827555
1,387504857
1,448124002
1,461594922
1,468330383
1,481801304
1,488536764
1,502007685
1,515478606
1,522214067
1,542420448
1,555891369
1,56936229
1,576097751
1,576097751
1,582833211
1,589568671
1,542420448
1,340356634
1,158499201
0,99684815
0,868874401
0,794784336
0,761107033
0,788048875
0,875609861
1,00358361
1,030525452
1,064202755
1,091144597
1,124821899
1,151763741
1,185441043
1,212382885
1,252795648
1,28647295
1,320150253
1,340356634
1,353827555
1,367298476
1,380769397
1,333621174
1,131557359
0,949699927
0,801519796
0,687016968
0,619662363
0,592720522
0,619662363
0,700487889
0,821726178
0,875609861
0,936229006
0,990112689
1,043996373
1,104615517
1,158499201
1,212382885
1,273002029
1,340356634
1,400975778
1,434653081
1,475065843
1,495272225
1,522214067
1,495272225
1,340356634
1,198911964
1,070938215
0,976641768
0,916022624
0,895816243
0,909287164
0,990112689
1,097880057
1,131557359
1,165234662
1,198911964
1,232589266
1,266266569
1,299943871
1,333621174
0,906860018
0,918871409
0,9308828
0,936888495
0,936888495
0,942894191
0,942894191
0,918871409
0,822780281
0,738700545
0,660626503
0,588558157
0,552523985
0,540512594
0,55852968
0,600569548
0,654620808
0,696660676
0,732694849
0,774734717
0,81076889
0,852808759
0,888842932
0,9308828
