0
0
0
0
0
0
0
0,011
0,098
0,177
0,245
0,288
0,272
0,205
0,139
0,062
0,001
0
0
0
0
0
0
0
0
0
0
0
0
0
0
0,008
0,087
0,229
0,3
0,333
0,29
0,262
0,178
0,086
0,001
0
0
0
0
0
0
0
0
0
0
0
0
0
0
0,015
0,131
0,277
0,321
0,382
0,406
0,343
0,305
0,123
0,004
0
0
0
0
0
0
0
0
0
0
0
0
0
0
0,006
0,067
0,08
0,1
0,131
0,111
0,12
0,108
0,043
0,003
0
0
0
0
0
0
0
0
0
0
0
0
0
0
0,016
0,152
0,262
0,382
0,407
0,399
0,217
0,107
0,013
0,002
0
0
0
0
0
0
0
0
0
0
0
0
0
0
0,011
0,118
0,196
0,269
0,294
0,295
0,26
0,203
0,088
0,002
0
0
0
0
0
0
0
0
0
0
0
0
0
0
0,015
0,182
0,294
0,371
0,439
0,417
0,336
0,232
0,115
0,002
0
0
0
0
0
0
0
0
0
0
0
0
0
0
0,004
0,053
0,102
0,124
0,116
0,132
0,107
0,101
0,04
0,002
0
0
0
0
0
0
0
0
0
0
0
0
0
0
0,016
0,172
0,312
0,413
0,481
0,477
0,413
0,297
0,159
0,009
0
0
0
0
0
0
0
0
0
0
0
0
0
0
0,018
0,194
0,342
0,45
0,505
0,498
0,43
0,314
0,161
0,007
0
0
0
0
0
0
0
0
0
0
0
0
0
0
0,015
0,178
0,328
0,423
0,476
0,463
0,404
0,291
0,149
0,008
0
0
0
0
0
0
0
0
0
0
0
0
0
0
0,011
0,109
0,189
0,255
0,277
0,251
0,219
0,173
0,089
0,002
0
0
0
0
0
0
0
0
0
0
0
0
0
0
0,004
0,018
0,033
0,047
0,05
0,048
0,043
0,032
0,017
0,003
0
0
0
0
0
0
0
0
0
0
0
0
0
0
0,004
0,024
0,039
0,057
0,064
0,065
0,055
0,039
0,02
0,003
0
0
0
0
0
0
0
0
0
0
0
0
0
0
0,004
0,052
0,104
0,123
0,14
0,121
0,098
0,091
0,043
0,003
0
0
0
0
0
0
0
0
0
0
0
0
0
0
0,004
0,039
0,071
0,071
0,061
0,046
0,413
0,318
0,176
0,011
0
0
0
0
0
0
0
0
0
0
0
0
0
0
0,024
0,139
0,332
0,218
0,24
0,186
0,367
0,244
0,167
0,034
0
0
0
0
0
0
0
0
0
0
0
0
0
0
0,009
0,12
0,192
0,253
0,276
0,294
0,23
0,169
0,08
0,003
0
0
0
0
0
0
0
0
0
0
0
0
0
0
0,004
0,047
0,086
0,126
0,15
0,157
0,135
0,106
0,059
0,006
0
0
0
0
0
0
0
0
0
0
0
0
0
0
0,005
0,042
0,075
0,107
0,118
0,114
0,092
0,068
0,037
0,004
0
0
0
0
0
0
0
0
0
0
0
0
0
0
0,024
0,218
0,38
0,501
0,561
0,555
0,492
0,37
0,206
0,019
0
0
0
0
0
0
0
0
0
0
0
0
0
0
0,026
0,231
0,401
0,523
0,585
0,586
0,517
0,389
0,219
0,02
0
0
0
0
0
0
0
0
0
0
0
0
0
0
0,027
0,235
0,399
0,518
0,578
0,573
0,508
0,385
0,219
0,021
0
0
0
0
0
0
0
0
0
0
0
0
0
0
0,028
0,234
0,399
0,521
0,584
0,584
0,519
0,397
0,229
0,025
0
0
0
0
0
0
0
0
0
0
0
0
0
0
0,014
0,086
0,183
0,162
0,201
0,214
0,095
0,109
0,075
0,005
0
0
0
0
0
0
0
0
0
0
0
0
0
0
0,005
0,044
0,092
0,081
0,055
0,084
0,515
0,403
0,254
0,04
0
0
0
0
0
0
0
0
0
0
0
0
0
0
0,005
0,018
0,076
0,15
0,1
0,084
0,443
0,289
0,157
0,005
0
0
0
0
0
0
0
0
0
0
0
0
0
0
0,005
0,148
0,313
0,443
0,157
0,266
0,075
0,215
0,178
0,046
0
0
0
0
0
0
0
0
0
0
0
0
0
0
0,006
0,096
0,209
0,299
0,382
0,393
0,33
0,257
0,149
0,017
0
0
0
0
0
0
0
0
0
0
0
0
0
0
0,025
0,209
0,349
0,469
0,52
0,526
0,471
0,353
0,198
0,029
0
0
0
0
0
0
0
0
0
0
0
0
0
0
0,032
0,155
0,345
0,373
0,379
0,387
0,336
0,283
0,197
0,064
0
0
0
0
0
0
0
0
0
0
0
0
0
0
0,021
0,067
0,072
0,128
0,155
0,231
0,21
0,094
0,071
0,021
0
0
0
0
0
0
0
0
0
0
0
0
0
0
0,061
0,203
0,305
0,401
0,485
0,462
0,413
0,371
0,245
0,08
0
0
0
0
0
0
0
0
0
0
0
0
0
0
0,072
0,233
0,394
0,51
0,583
0,581
0,525
0,405
0,241
0,077
0
0
0
0
0
0
0
0
0
0
0
0
0
0
0,086
0,154
0,42
0,316
0,21
0,208
0,492
0,202
0,192
0,056
0
0
0
0
0
0
0
0
0
0
0
0
0
0
0,079
0,245
0,407
0,526
0,586
0,588
0,527
0,415
0,257
0,086
0
0
0
0
0
0
0
0
0
0
0
0
0
0
0,037
0,084
0,138
0,198
0,187
0,167
0,107
0,149
0,086
0,025
0
0
0
0
0
0
0
0
0
0
0
0
0
0
0,081
0,248
0,411
0,516
0,581
0,58
0,524
0,412
0,257
0,089
0
0
0
0
0
0
0
0
0
0
0
0
0
0
0,022
0,031
0,041
0,057
0,09
0,123
0,52
0,454
0,305
0,108
0,001
0
0
0
0
0
0
0
0
0
0
0
0
0
0,087
0,251
0,41
0,532
0,591
0,593
0,528
0,415
0,259
0,094
0
0
0
0
0
0
0
0
0
0
0
0
0
0
0,084
0,244
0,401
0,512
0,567
0,566
0,511
0,403
0,255
0,093
0
0
0
0
0
0
0
0
0
0
0
0
0
0
0,077
0,217
0,356
0,448
0,495
0,498
0,441
0,348
0,221
0,081
0
0
0
0
0
0
0
0
0
0
0
0
0
0
0,065
0,153
0,05
0,261
0,464
0,264
0,321
0,421
0,319
0,084
0
0
0
0
0
0
0
0
0
0
0
0
0
0
0,009
0,052
0,146
0,174
0,27
0,252
0,351
0,284
0,172
0,075
0,002
0
0
0
0
0
0
0
0
0
0
0
0
0
0,08
0,177
0,143
0,046
0,266
0,403
0,382
0,321
0,261
0,111
0,003
0
0
0
0
0
0
0
0
0
0
0
0
0
0,009
0,027
0,05
0,063
0,066
0,068
0,459
0,367
0,236
0,094
0,001
0
0
0
0
0
0
0
0
0
0
0
0
0,001
0,083
0,217
0,342
0,421
0,467
0,469
0,438
0,339
0,215
0,092
0,001
0
0
0
0
0
0
0
0
0
0
0
0
0,001
0,116
0,296
0,453
0,569
0,622
0,626
0,565
0,447
0,289
0,119
0,001
0
0
0
0
0
0
0
0
0
0
0
0
0,001
0,118
0,296
0,457
0,579
0,639
0,643
0,578
0,465
0,303
0,127
0,002
0
0
0
0
0
0
0
0
0
0
0
0
0,001
0,132
0,32
0,489
0,611
0,675
0,677
0,614
0,498
0,329
0,14
0,002
0
0
0
0
0
0
0
0
0
0
0
0
0,002
0,134
0,322
0,489
0,608
0,677
0,682
0,622
0,503
0,337
0,148
0,003
0
0
0
0
0
0
0
0
0
0
0
0
0,001
0,087
0,241
0,378
0,458
0,508
0,486
0,457
0,371
0,244
0,098
0,001
0
0
0
0
0
0
0
0
0
0
0
0
0,002
0,114
0,274
0,425
0,522
0,557
0,551
0,491
0,387
0,257
0,11
0,001
0
0
0
0
0
0
0
0
0
0
0
0
0,001
0,085
0,264
0,335
0,194
0,355
0,276
0,294
0,412
0,3
0,169
0,017
0
0
0
0
0
0
0
0
0
0
0
0
0,001
0,073
0,154
0,239
0,286
0,307
0,293
0,271
0,223
0,152
0,067
0,001
0
0
0
0
0
0
0
0
0
0
0
0
0,004
0,144
0,305
0,447
0,551
0,598
0,606
0,567
0,454
0,303
0,138
0,005
0
0
0
0
0
0
0
0
0
0
0
0
0,004
0,133
0,314
0,485
0,59
0,65
0,61
0,564
0,438
0,286
0,129
0,002
0
0
0
0
0
0
0
0
0
0
0
0
0,001
0,065
0,15
0,222
0,273
0,304
0,295
0,237
0,198
0,127
0,068
0,003
0
0
0
0
0
0
0
0
0
0
0
0
0,002
0,129
0,246
0,383
0,25
0,145
0,241
0,434
0,287
0,271
0,15
0,025
0
0
0
0
0
0
0
0
0
0
0
0
0,002
0,076
0,158
0,245
0,329
0,37
0,379
0,316
0,214
0,138
0,052
0,002
0
0
0
0
0
0
0
0
0
0
0
0
0,006
0,158
0,339
0,47
0,586
0,651
0,658
0,582
0,457
0,312
0,139
0,005
0
0
0
0
0
0
0
0
0
0
0
0
0,008
0,177
0,369
0,536
0,656
0,719
0,725
0,66
0,543
0,376
0,185
0,009
0
0
0
0
0
0
0
0
0
0
0
0
0,004
0,084
0,18
0,25
0,284
0,3
0,285
0,257
0,198
0,13
0,056
0,002
0
0
0
0
0
0
0
0
0
0
0
0
0,003
0,054
0,227
0,275
0,285
0,281
0,374
0,224
0,376
0,213
0,079
0,024
0
0
0
0
0
0
0
0
0
0
0
0
0,003
0,119
0,284
0,415
0,454
0,577
0,543
0,441
0,326
0,238
0,12
0,003
0
0
0
0
0
0
0
0
0
0
0
0
0,013
0,201
0,394
0,561
0,684
0,74
0,729
0,665
0,546
0,379
0,19
0,01
0
0
0
0
0
0
0
0
0
0
0
0
0,008
0,116
0,254
0,325
0,395
0,412
0,431
0,394
0,31
0,218
0,095
0,003
0
0
0
0
0
0
0
0
0
0
0
0
0,009
0,159
0,274
0,439
0,473
0,518
0,623
0,459
0,52
0,406
0,218
0,012
0
0
0
0
0
0
0
0
0
0
0
0
0,006
0,076
0,153
0,231
0,283
0,297
0,286
0,266
0,226
0,15
0,073
0,003
0
0
0
0
0
0
0
0
0
0
0
0
0,004
0,118
0,315
0,371
0,286
0,375
0,376
0,275
0,382
0,305
0,113
0,003
0
0
0
0
0
0
0
0
0
0
0
0
0,018
0,204
0,372
0,466
0,553
0,594
0,629
0,592
0,491
0,362
0,216
0,025
0
0
0
0
0
0
0
0
0
0
0
0
0,024
0,227
0,405
0,549
0,672
0,707
0,677
0,584
0,473
0,352
0,187
0,012
0
0
0
0
0
0
0
0
0
0
0
0
0,005
0,095
0,197
0,231
0,257
0,315
0,442
0,326
0,316
0,265
0,13
0,028
0
0
0
0
0
0
0
0
0
0
0
0
0,028
0,237
0,427
0,594
0,705
0,755
0,747
0,684
0,569
0,41
0,219
0,019
0
0
0
0
0
0
0
0
0
0
0
0
0,02
0,137
0,326
0,269
0,291
0,265
0,326
0,331
0,556
0,5
0,201
0,017
0
0
0
0
0
0
0
0
0
0
0
0
0,006
0,129
0,208
0,279
0,561
0,46
0,436
0,54
0,485
0,249
0,197
0,049
0
0
0
0
0
0
0
0
0
0
0
0
0,006
0,085
0,138
0,257
0,317
0,329
0,269
0,228
0,188
0,168
0,099
0,013
0
0
0
0
0
0
0
0
0
0
0
0
0,067
0,249
0,419
0,546
0,634
0,673
0,647
0,537
0,479
0,351
0,203
0,023
0
0
0
0
0
0
0
0
0
0
0
0
0,007
0,024
0,187
0,345
0,67
0,969
0,423
0,36
0,055
0,04
0,022
0,008
0
0
0
0
0
0
0
0
0
0
0
0
0,091
0,264
0,473
0,644
0,818
0,873
0,919
0,844
0,704
0,511
0,284
0,031
0
0
0
0
0
0
0
0
0
0
0
0
0,098
0,307
0,521
0,699
0,823
0,883
0,878
0,805
0,669
0,484
0,269
0,031
0
0
0
0
0
0
0
0
0
0
0
0
0,09
0,27
0,447
0,598
0,709
0,77
0,753
0,686
0,565
0,404
0,234
0,03
0
0
0
0
0
0
0
0
0
0
0
0
0,109
0,323
0,538
0,717
0,841
0,899
0,889
0,816
0,678
0,488
0,271
0,032
0
0
0
0
0
0
0
0
0
0
0
0
0,065
0,16
0,272
0,377
0,379
0,36
0,415
0,375
0,312
0,183
0,117
0,006
0
0
0
0
0
0
0
0
0
0
0
0
0,11
0,309
0,506
0,672
0,786
0,842
0,836
0,763
0,635
0,462
0,262
0,034
0
0
0
0
0
0
0
0
0
0
0
0
0,022
0,086
0,046
0,13
0,255
0,358
0,501
0,442
0,312
0,126
0,083
0,042
0
0
0
0
0
0
0
0
0
0
0
0
0,04
0,076
0,214
0,393
0,438
0,503
0,484
0,46
0,443
0,385
0,208
0,087
0
0
0
0
0
0
0
0
0
0
0
0,002
0,104
0,188
0,326
0,461
0,369
0,507
0,361
0,35
0,258
0,067
0,022
0,018
0
0
0
0
0
0
0
0
0
0
0
0,001
0,132
0,34
0,541
0,708
0,819
0,872
0,858
0,784
0,654
0,477
0,272
0,081
0
0
0
0
0
0
0
0
0
0
0
0,003
0,139
0,352
0,515
0,543
0,58
0,649
0,597
0,47
0,405
0,367
0,269
0,097
0
0
0
0
0
0
0
0
0
0
0
0,001
0,055
0,159
0,277
0,35
0,414
0,422
0,416
0,361
0,321
0,25
0,136
0,045
0
0
0
0
0
0
0
0
0
0
0
0,002
0,14
0,341
0,532
0,693
0,801
0,851
0,845
0,775
0,653
0,484
0,286
0,094
0
0
0
0
0
0
0
0
0
0
0
0,001
0,013
0,032
0,049
0,063
0,076
0,078
0,078
0,071
0,06
0,044
0,027
0,01
0
0
0
0
0
0
0
0
0
0
0
0,004
0,157
0,339
0,539
0,694
0,858
0,536
0,585
0,541
0,449
0,376
0,248
0,106
0,001
0
0
0
0
0
0
0
0
0
0
0,004
0,173
0,395
0,605
0,774
0,89
0,942
0,928
0,852
0,718
0,535
0,32
0,109
0
0
0
0
0
0
0
0
0
0
0
0,006
0,179
0,256
0,296
0,067
0,251
0,482
0,503
0,621
0,341
0,194
0,089
0,053
0
0
0
0
0
0
0
0
0
0
0
0,002
0,062
0,152
0,195
0,263
0,311
0,328
0,302
0,281
0,238
0,159
0,099
0,032
0
0
0
0
0
0
0
0
0
0
0
0,002
0,061
0,347
0,68
0,483
0,223
0,283
0,644
0,247
0,313
0,086
0,032
0,01
0
0
0
0
0
0
0
0
0
0
0
0,002
0,054
0,122
0,192
0,242
0,263
0,314
0,325
0,309
0,257
0,195
0,114
0,039
0
0
0
0
0
0
0
0
0
0
0
0,002
0,043
0,205
0,16
0,368
0,389
0,272
0,592
0,575
0,646
0,432
0,373
0,133
0,005
0
0
0
0
0
0
0
0
0
0
0,008
0,177
0,378
0,568
0,724
0,829
0,875
0,859
0,796
0,68
0,511
0,314
0,115
0,001
0
0
0
0
0
0
0
0
0
0
0,009
0,166
0,344
0,511
0,645
0,73
0,774
0,76
0,693
0,59
0,443
0,274
0,102
0,001
0
0
0
0
0
0
0
0
0
0
0,011
0,084
0,16
0,315
0,369
0,184
0,231
0,343
0,32
0,41
0,352
0,285
0,142
0,007
0
0
0
0
0
0
0
0
0
0
0,003
0,097
0,256
0,273
0,467
0,467
0,621
0,315
0,339
0,444
0,447
0,306
0,118
0,005
0
0
0
0
0
0
0
0
0
0
0,013
0,194
0,397
0,584
0,736
0,848
0,898
0,89
0,823
0,703
0,536
0,335
0,132
0,002
0
0
0
0
0
0
0
0
0
0
0,008
0,137
0,252
0,387
0,496
0,586
0,635
0,633
0,567
0,476
0,358
0,218
0,084
0,001
0
0
0
0
0
0
0
0
0
0
0,017
0,221
0,437
0,638
0,801
0,91
0,96
0,945
0,871
0,737
0,559
0,349
0,138
0,002
0
0
0
0
0
0
0
0
0
0
0,017
0,206
0,408
0,593
0,745
0,858
0,903
0,892
0,818
0,692
0,531
0,334
0,136
0,002
0
0
0
0
0
0
0
0
0
0
0,02
0,225
0,437
0,635
0,796
0,901
0,951
0,936
0,86
0,732
0,554
0,346
0,138
0,002
0
0
0
0
0
0
0
0
0
0
0,023
0,242
0,463
0,667
0,826
0,932
0,978
0,957
0,876
0,74
0,557
0,345
0,138
0,001
0
0
0
0
0
0
0
0
0
0
0,021
0,216
0,413
0,598
0,748
0,853
0,898
0,893
0,829
0,712
0,547
0,347
0,146
0,004
0
0
0
0
0
0
0
0
0
0
0,022
0,203
0,375
0,542
0,688
0,773
0,817
0,802
0,727
0,622
0,473
0,28
0,114
0,001
0
0
0
0
0
0
0
0
0
0
0,006
0,074
0,128
0,185
0,233
0,297
0,241
0,289
0,215
0,18
0,162
0,124
0,044
0,001
0
0
0
0
0
0
0
0
0
0
0,018
0,132
0,242
0,326
0,373
0,432
0,463
0,487
0,436
0,35
0,269
0,152
0,06
0,001
0
0
0
0
0
0
0
0
0
0
0,014
0,116
0,22
0,305
0,363
0,378
0,435
0,439
0,375
0,3
0,228
0,132
0,059
0,001
0
0
0
0
0
0
0
0
0
0
0,022
0,176
0,328
0,437
0,53
0,632
0,719
0,631
0,653
0,507
0,37
0,239
0,107
0,001
0
0
0
0
0
0
0
0
0
0
0,042
0,173
0,314
0,427
0,53
0,552
0,586
0,594
0,537
0,474
0,35
0,22
0,085
0,002
0
0
0
0
0
0
0
0
0
0
0,054
0,294
0,335
0,284
0,369
0,374
0,426
0,24
0,363
0,337
0,365
0,287
0,181
0,016
0
0
0
0
0
0
0
0
0
0
0,07
0,246
0,444
0,624
0,764
0,859
0,905
0,881
0,816
0,697
0,528
0,335
0,145
0,005
0
0
0
0
0
0
0
0
0
0
0,071
0,236
0,426
0,595
0,729
0,833
0,889
0,872
0,815
0,695
0,531
0,345
0,156
0,007
0
0
0
0
0
0
0
0
0
0
0,039
0,044
0,2
0,62
0,927
0,896
0,722
0,702
0,778
0,59
0,326
0,243
0,111
0,009
0
0
0
0
0
0
0
0
0
0
0,085
0,294
0,558
0,782
0,958
0,93
0,372
0,449
0,74
0,334
0,295
0,052
0,024
0,002
0
0
0
0
0
0
0
0
0
0
0,082
0,255
0,457
0,607
0,695
0,789
0,761
0,76
0,719
0,598
0,46
0,312
0,138
0,004
0
0
0
0
0
0
0
0
0
0
0,111
0,323
0,559
0,731
0,892
1,103
0,64
0,659
0,48
0,068
0,052
0,034
0,016
0,002
0
0
0
0
0
0
0
0
0
0
0,103
0,308
0,519
0,714
0,867
0,969
0,539
0,535
0,488
0,426
0,331
0,22
0,106
0,005
0
0
0
0
0
0
0
0
0
0
0,07
0,213
0,361
0,513
0,642
0,736
0,824
0,754
0,674
0,578
0,423
0,254
0,117
0,003
0
0
0
0
0
0
0
0
0
0
0,041
0,133
0,225
0,302
0,38
0,432
0,401
0,371
0,356
0,262
0,196
0,124
0,05
0,003
0
0
0
0
0
0
0
0
0
0
0,009
0,214
0,445
0,563
0,531
0,294
0,252
0,558
0,462
0,434
0,38
0,045
0,041
0,01
0
0
0
0
0
0
0
0
0
0,001
0,085
0,232
0,418
0,549
0,611
0,719
0,747
0,762
0,749
0,675
0,562
0,363
0,175
0,014
0
0
0
0
0
0
0
0
0
0,001
0,099
0,275
0,462
0,639
0,771
0,858
0,903
0,891
0,811
0,684
0,534
0,362
0,177
0,012
0
0
0
0
0
0
0
0
0
0,001
0,06
0,176
0,292
0,354
0,397
0,421
0,459
0,416
0,419
0,341
0,263
0,186
0,084
0,003
0
0
0
0
0
0
0
0
0
0,001
0,114
0,309
0,515
0,701
0,846
0,942
0,985
0,969
0,897
0,772
0,6
0,403
0,197
0,013
0
0
0
0
0
0
0
0
0
0,001
0,12
0,324
0,548
0,733
0,886
0,988
0,403
0,402
0,383
0,326
0,234
0,145
0,064
0,003
0
0
0
0
0
0
0
0
0
0,001
0,125
0,339
0,561
0,727
0,819
0,916
0,523
0,573
0,624
0,524
0,382
0,205
0,1
0,004
0
0
0
0
0
0
0
0
0
0,001
0,105
0,275
0,459
0,616
0,746
0,84
0,888
0,864
0,813
0,7
0,551
0,366
0,181
0,015
0
0
0
0
0
0
0
0
0
0,001
0,098
0,274
0,457
0,604
0,736
0,751
0,81
0,787
0,73
0,589
0,43
0,283
0,146
0,013
0
0
0
0
0
0
0
0
0
0,001
0,084
0,243
0,385
0,466
0,607
0,717
0,776
0,705
0,659
0,578
0,423
0,309
0,15
0,019
0
0
0
0
0
0
0
0
0
0,002
0,133
0,337
0,551
0,741
0,89
0,989
1,031
1,013
0,94
0,809
0,634
0,43
0,219
0,019
0
0
0
0
0
0
0
0
0
0,002
0,107
0,267
0,439
0,577
0,683
0,762
0,799
0,805
0,771
0,645
0,531
0,358
0,187
0,018
0
0
0
0
0
0
0
0
0
0,002
0,131
0,325
0,519
0,695
0,835
0,927
0,969
0,955
0,882
0,772
0,613
0,42
0,221
0,023
0
0
0
0
0
0
0
0
0
0,002
0,131
0,324
0,525
0,7
0,837
0,929
0,967
0,953
0,886
0,767
0,603
0,41
0,211
0,02
0
0
0
0
0
0
0
0
0
0,003
0,129
0,318
0,512
0,691
0,832
0,922
0,956
0,938
0,868
0,744
0,584
0,397
0,206
0,021
0
0
0
0
0
0
0
0
0
0,003
0,14
0,355
0,568
0,754
0,91
1,005
0,481
0,474
0,435
0,354
0,265
0,182
0,091
0,005
0
0
0
0
0
0
0
0
0
0,003
0,13
0,313
0,499
0,667
0,802
0,892
0,925
0,919
0,852
0,743
0,591
0,412
0,223
0,029
0
0
0
0
0
0
0
0
0
0,003
0,121
0,294
0,475
0,635
0,752
0,831
0,857
0,862
0,803
0,711
0,557
0,393
0,216
0,031
0
0
0
0
0
0
0
0
0
0,002
0,062
0,149
0,223
0,3
0,341
0,425
0,438
0,417
0,365
0,325
0,242
0,162
0,077
0,006
0
0
0
0
0
0
0
0
0
0,002
0,058
0,126
0,209
0,296
0,362
0,38
0,414
0,414
0,354
0,309
0,246
0,166
0,077
0,005
0
0
0
0
0
0
0
0
0
0,002
0,095
0,191
0,271
0,356
0,414
0,484
0,591
0,461
0,292
0,294
0,32
0,259
0,109
0,005
0
0
0
0
0
0
0
0
0
0,004
0,134
0,318
0,506
0,677
0,812
0,902
0,936
0,922
0,855
0,746
0,588
0,407
0,217
0,028
0
0
0
0
0
0
0
0
0
0,003
0,122
0,287
0,467
0,617
0,753
0,841
0,904
0,899
0,838
0,723
0,58
0,397
0,21
0,03
0
0
0
0
0
0
0
0
0
0,007
0,161
0,376
0,597
0,744
0,887
0,984
0,678
0,663
0,578
0,501
0,403
0,271
0,147
0,039
0
0
0
0
0
0
0
0
0
0,005
0,164
0,381
0,629
0,84
0,961
0,972
0,554
0,598
0,502
0,524
0,314
0,185
0,087
0,024
0
0
0
0
0
0
0
0
0
0,005
0,151
0,349
0,549
0,727
0,871
0,964
1,003
0,987
0,914
0,794
0,633
0,44
0,238
0,068
0
0
0
0
0
0
0
0
0
0,004
0,124
0,28
0,453
0,613
0,727
0,795
0,861
0,867
0,789
0,692
0,545
0,377
0,198
0,059
0
0
0
0
0
0
0
0
0
0,006
0,158
0,361
0,568
0,751
0,894
0,989
1,03
1,014
0,941
0,814
0,646
0,447
0,243
0,07
0
0
0
0
0
0
0
0
0
0,005
0,142
0,326
0,513
0,68
0,812
0,908
0,956
0,944
0,882
0,761
0,614
0,428
0,236
0,071
0
0
0
0
0
0
0
0
0
0,012
0,046
0,088
0,379
0,504
0,45
0,552
0,493
0,468
0,525
0,079
0,084
0,061
0,022
0,007
0
0
0
0
0
0
0
0
0
0,005
0,135
0,308
0,492
0,656
0,785
0,871
0,912
0,907
0,845
0,721
0,57
0,396
0,218
0,065
0
0
0
0
0
0
0
0
0
0,005
0,138
0,308
0,481
0,636
0,762
0,835
0,879
0,873
0,828
0,718
0,568
0,403
0,224
0,07
0
0
0
0
0
0
0
0
0
0,002
0,081
0,235
0,219
0,25
0,199
0,309
0,473
0,432
0,388
0,311
0,331
0,47
0,301
0,077
0,001
0
0
0
0
0
0
0
0
0,002
0,06
0,096
0,219
0,385
0,492
0,645
0,611
0,65
0,61
0,581
0,467
0,354
0,219
0,092
0,001
0
0
0
0
0
0
0
0
0,005
0,136
0,316
0,499
0,669
0,804
0,89
0,904
0,881
0,815
0,715
0,566
0,4
0,219
0,069
0
0
0
0
0
0
0
0
0
0,002
0,024
0,031
0,071
0,131
0,222
0,339
0,354
0,403
0,393
0,295
0,249
0,195
0,106
0,034
0
0
0
0
0
0
0
0
0
0,005
0,074
0,224
0,255
0,25
0,421
0,467
0,57
0,574
0,441
0,382
0,334
0,279
0,21
0,1
0,001
0
0
0
0
0
0
0
0
0,002
0,087
0,201
0,339
0,484
0,597
0,636
0,672
0,626
0,604
0,514
0,403
0,324
0,163
0,05
0
0
0
0
0
0
0
0
0
0,006
0,162
0,367
0,578
0,767
0,917
1,018
1,064
1,052
0,982
0,859
0,69
0,489
0,277
0,09
0
0
0
0
0
0
0
0
0
0,006
0,147
0,337
0,526
0,701
0,84
0,931
0,97
0,959
0,895
0,782
0,627
0,445
0,253
0,083
0
0
0
0
0
0
0
0
0
0,002
0,155
0,327
0,488
0,514
0,443
0,417
0,564
0,578
0,472
0,354
0,485
0,362
0,263
0,104
0,002
0
0
0
0
0
0
0
0
0,006
0,15
0,344
0,546
0,728
0,873
0,971
1,015
1,004
0,937
0,819
0,658
0,466
0,263
0,086
0
0
0
0
0
0
0
0
0
0,006
0,146
0,337
0,537
0,72
0,861
0,957
0,998
0,993
0,931
0,816
0,659
0,47
0,268
0,089
0
0
0
0
0
0
0
0
0
0,006
0,151
0,346
0,548
0,729
0,874
0,971
1,015
1,003
0,937
0,821
0,66
0,469
0,266
0,088
0
0
0
0
0
0
0
0
0
0,005
0,142
0,328
0,522
0,696
0,835
0,928
0,97
0,96
0,896
0,785
0,631
0,448
0,254
0,084
0
0
0
0
0
0
0
0
0
0,005
0,142
0,327
0,52
0,696
0,839
0,935
0,982
0,967
0,906
0,793
0,641
0,452
0,256
0,085
0
0
0
0
0
0
0
0
0
0,004
0,124
0,274
0,435
0,598
0,712
0,807
0,859
0,789
0,767
0,698
0,506
0,366
0,236
0,076
0
0
0
0
0
0
0
0
0
0,005
0,139
0,32
0,513
0,687
0,831
0,926
0,976
0,974
0,912
0,805
0,655
0,47
0,271
0,093
0,001
0
0
0
0
0
0
0
0
0,003
0,044
0,184
0,174
0,168
0,436
0,534
0,355
0,459
0,425
0,383
0,709
0,506
0,283
0,092
0,002
0
0
0
0
0
0
0
0
0,004
0,07
0,114
0,164
0,262
0,398
0,43
0,509
0,641
0,615
0,721
0,657
0,512
0,315
0,106
0,002
0
0
0
0
0
0
0
0
0,006
0,154
0,128
0,192
0,387
0,343
0,416
0,228
0,358
0,524
0,449
0,558
0,543
0,31
0,104
0,002
0
0
0
0
0
0
0
0
0,004
0,129
0,299
0,476
0,636
0,765
0,851
0,892
0,884
0,827
0,725
0,586
0,418
0,24
0,081
0
0
0
0
0
0
0
0
0
0,005
0,145
0,34
0,543
0,727
0,874
0,973
1,019
1,009
0,944
0,827
0,667
0,475
0,271
0,091
0
0
0
0
0
0
0
0
0
0,004
0,143
0,338
0,542
0,727
0,875
0,976
1,022
1,014
0,948
0,83
0,669
0,474
0,271
0,09
0
0
0
0
0
0
0
0
0
0,003
0,113
0,267
0,429
0,58
0,699
0,781
0,815
0,806
0,757
0,658
0,529
0,375
0,215
0,071
0
0
0
0
0
0
0
0
0
0,004
0,138
0,289
0,514
0,793
0,999
1,067
0,751
0,65
0,462
0,404
0,326
0,245
0,139
0,039
0
0
0
0
0
0
0
0
0
0,006
0,15
0,328
0,534
0,754
0,994
1,109
0,572
0,485
0,414
0,334
0,218
0,141
0,061
0,022
0
0
0
0
0
0
0
0
0
0,003
0,116
0,283
0,457
0,611
0,747
0,844
0,872
0,854
0,805
0,695
0,578
0,434
0,259
0,092
0,001
0
0
0
0
0
0
0
0
0,004
0,139
0,336
0,542
0,729
0,879
0,98
1,029
1,02
0,955
0,837
0,675
0,481
0,275
0,092
0
0
0
0
0
0
0
0
0
0,004
0,144
0,346
0,554
0,744
0,899
1,01
1,068
1,071
1,019
0,912
0,748
0,537
0,31
0,105
0,001
0
0
0
0
0
0
0
0
0,003
0,137
0,329
0,526
0,706
0,851
0,95
0,999
0,991
0,932
0,824
0,667
0,48
0,279
0,095
0
0
0
0
0
0
0
0
0
0,003
0,114
0,299
0,514
0,659
0,713
0,733
0,682
0,679
0,605
0,574
0,423
0,363
0,247
0,089
0,001
0
0
0
0
0
0
0
0
0,001
0,06
0,159
0,374
0,473
0,404
0,47
0,216
0,363
0,381
0,562
0,399
0,369
0,214
0,105
0,001
0
0
0
0
0
0
0
0
0,004
0,153
0,325
0,53
0,653
0,623
0,883
0,344
0,42
0,685
0,502
0,486
0,448
0,27
0,094
0,001
0
0
0
0
0
0
0
0
0,003
0,113
0,27
0,429
0,585
0,7
0,776
0,822
0,841
0,791
0,689
0,537
0,383
0,214
0,064
0
0
0
0
0
0
0
0
0
0,002
0,12
0,302
0,494
0,666
0,804
0,905
0,951
0,939
0,88
0,774
0,619
0,438
0,248
0,08
0
0
0
0
0
0
0
0
0
0,001
0,125
0,372
0,522
0,824
0,489
0,59
0,102
0,106
0,697
0,96
0,776
0,553
0,315
0,103
0,002
0
0
0
0
0
0
0
0
0,001
0,058
0,137
0,259
0,366
0,397
0,413
0,46
0,539
0,474
0,393
0,334
0,246
0,127
0,038
0
0
0
0
0
0
0
0
0
0,001
0,087
0,223
0,412
0,606
0,732
0,785
0,807
0,784
0,701
0,556
0,447
0,282
0,166
0,055
0
0
0
0
0
0
0
0
0
0,001
0,098
0,262
0,44
0,603
0,718
0,809
0,863
0,863
0,82
0,723
0,576
0,4
0,23
0,073
0
0
0
0
0
0
0
0
0
0,001
0,092
0,242
0,42
0,584
0,723
0,807
0,826
0,837
0,773
0,684
0,556
0,403
0,235
0,072
0
0
0
0
0
0
0
0
0
0,001
0,104
0,28
0,47
0,643
0,782
0,869
0,907
0,896
0,838
0,739
0,588
0,413
0,232
0,071
0
0
0
0
0
0
0
0
0
0,001
0,103
0,282
0,476
0,646
0,787
0,887
0,931
0,93
0,869
0,757
0,601
0,423
0,234
0,072
0
0
0
0
0
0
0
0
0
0,001
0,106
0,287
0,484
0,663
0,806
0,908
0,958
0,949
0,892
0,785
0,631
0,447
0,247
0,075
0
0
0
0
0
0
0
0
0
0,001
0,106
0,29
0,486
0,667
0,813
0,911
0,954
0,946
0,885
0,772
0,62
0,433
0,238
0,071
0
0
0
0
0
0
0
0
0
0,001
0,106
0,291
0,49
0,671
0,816
0,915
0,967
0,958
0,897
0,78
0,624
0,441
0,245
0,073
0
0
0
0
0
0
0
0
0
0,001
0,109
0,302
0,509
0,697
0,85
0,949
0,995
0,985
0,918
0,801
0,641
0,448
0,244
0,07
0
0
0
0
0
0
0
0
0
0,001
0,089
0,262
0,446
0,612
0,746
0,822
0,854
0,864
0,811
0,702
0,573
0,389
0,219
0,065
0
0
0
0
0
0
0
0
0
0
0,083
0,244
0,406
0,561
0,681
0,763
0,802
0,771
0,724
0,65
0,527
0,363
0,196
0,054
0
0
0
0
0
0
0
0
0
0
0,084
0,247
0,428
0,593
0,727
0,812
0,883
0,89
0,829
0,726
0,582
0,416
0,225
0,062
0
0
0
0
0
0
0
0
0
0
0,029
0,262
0,51
0,44
0,599
0,477
0,419
0,618
0,279
0,249
0,292
0,277
0,155
0,045
0
0
0
0
0
0
0
0
0
0
0,093
0,278
0,481
0,67
0,82
0,925
0,975
0,966
0,9
0,782
0,622
0,432
0,231
0,029
0
0
0
0
0
0
0
0
0
0
0,078
0,235
0,416
0,58
0,714
0,815
0,855
0,843
0,787
0,691
0,547
0,385
0,202
0,027
0
0
0
0
0
0
0
0
0
0
0,088
0,255
0,213
0,056
0,267
0,635
0,591
0,571
0,622
0,51
0,461
0,369
0,173
0,005
0
0
0
0
0
0
0
0
0
0
0,092
0,286
0,501
0,695
0,866
0,973
1,018
1,012
0,941
0,814
0,638
0,43
0,223
0,021
0
0
0
0
0
0
0
0
0
0
0,082
0,256
0,454
0,628
0,77
0,869
0,917
0,906
0,851
0,74
0,591
0,409
0,216
0,024
0
0
0
0
0
0
0
0
0
0
0,083
0,266
0,471
0,662
0,813
0,921
0,971
0,965
0,897
0,779
0,615
0,42
0,216
0,021
0
0
0
0
0
0
0
0
0
0
0,079
0,254
0,449
0,629
0,774
0,877
0,918
0,92
0,854
0,743
0,588
0,401
0,208
0,02
0
0
0
0
0
0
0
0
0
0
0,063
0,205
0,372
0,521
0,654
0,767
0,847
0,829
0,799
0,686
0,533
0,384
0,211
0,027
0
0
0
0
0
0
0
0
0
0
0,054
0,171
0,367
0,466
0,475
0,529
0,611
0,616
0,779
0,72
0,575
0,411
0,206
0,012
0
0
0
0
0
0
0
0
0
0
0,076
0,255
0,457
0,638
0,789
0,887
0,927
0,916
0,857
0,741
0,579
0,391
0,195
0,014
0
0
0
0
0
0
0
0
0
0
0,075
0,26
0,47
0,666
0,822
0,93
0,98
0,97
0,902
0,779
0,609
0,408
0,201
0,014
0
0
0
0
0
0
0
0
0
0
0,07
0,246
0,442
0,623
0,769
0,875
0,929
0,915
0,845
0,727
0,567
0,382
0,188
0,012
0
0
0
0
0
0
0
0
0
0
0,067
0,24
0,441
0,626
0,776
0,882
0,936
0,928
0,865
0,751
0,591
0,4
0,198
0,016
0
0
0
0
0
0
0
0
0
0
0,064
0,235
0,429
0,611
0,764
0,87
0,922
0,92
0,863
0,743
0,584
0,393
0,195
0,015
0
0
0
0
0
0
0
0
0
0
0,07
0,264
0,491
0,702
0,854
0,881
0,532
0,555
0,551
0,474
0,362
0,22
0,099
0,004
0
0
0
0
0
0
0
0
0
0
0,03
0,237
0,442
0,633
0,787
0,89
0,941
0,933
0,867
0,745
0,579
0,382
0,182
0,01
0
0
0
0
0
0
0
0
0
0
0,029
0,231
0,433
0,62
0,774
0,874
0,925
0,916
0,856
0,741
0,578
0,383
0,183
0,011
0
0
0
0
0
0
0
0
0
0
0,026
0,219
0,417
0,597
0,741
0,846
0,894
0,89
0,822
0,706
0,545
0,358
0,167
0,009
0
0
0
0
0
0
0
0
0
0
0,03
0,204
0,342
0,493
0,637
0,682
0,706
0,685
0,629
0,519
0,382
0,257
0,11
0,002
0
0
0
0
0
0
0
0
0
0
0,025
0,229
0,435
0,632
0,788
0,899
0,953
0,946
0,882
0,764
0,596
0,395
0,186
0,011
0
0
0
0
0
0
0
0
0
0
0,021
0,206
0,393
0,565
0,708
0,807
0,838
0,827
0,762
0,658
0,506
0,328
0,148
0,005
0
0
0
0
0
0
0
0
0
0
0,024
0,233
0,442
0,638
0,794
0,901
0,952
0,942
0,876
0,753
0,581
0,379
0,174
0,007
0
0
0
0
0
0
0
0
0
0
0,023
0,235
0,452
0,653
0,817
0,927
0,98
0,971
0,9
0,771
0,595
0,387
0,173
0,006
0
0
0
0
0
0
0
0
0
0
0,021
0,221
0,425
0,617
0,768
0,868
0,913
0,897
0,834
0,705
0,539
0,347
0,151
0,003
0
0
0
0
0
0
0
0
0
0
0,02
0,218
0,424
0,618
0,775
0,886
0,941
0,934
0,867
0,744
0,57
0,365
0,159
0,005
0
0
0
0
0
0
0
0
0
0
0,018
0,207
0,408
0,599
0,752
0,859
0,912
0,896
0,829
0,712
0,546
0,348
0,149
0,005
0
0
0
0
0
0
0
0
0
0
0,017
0,208
0,411
0,6
0,756
0,86
0,91
0,899
0,832
0,712
0,543
0,345
0,147
0,004
0
0
0
0
0
0
0
0
0
0
0,014
0,181
0,414
0,605
0,744
0,872
1,011
0,999
0,924
0,787
0,6
0,38
0,159
0,013
0
0
0
0
0
0
0
0
0
0
0,017
0,216
0,431
0,632
0,791
0,899
0,95
0,938
0,862
0,732
0,554
0,347
0,141
0,002
0
0
0
0
0
0
0
0
0
0
0,022
0,073
0,04
0,3
0,471
0,544
0,233
0,573
0,644
0,565
0,198
0,028
0,02
0,001
0
0
0
0
0
0
0
0
0
0
0,014
0,204
0,277
0,369
0,447
0,474
0,467
0,458
0,555
0,354
0,285
0,281
0,136
0,011
0
0
0
0
0
0
0
0
0
0
0,013
0,201
0,405
0,597
0,754
0,865
0,918
0,912
0,845
0,72
0,55
0,344
0,137
0,002
0
0
0
0
0
0
0
0
0
0
0,008
0,137
0,294
0,415
0,515
0,587
0,591
0,583
0,536
0,429
0,335
0,209
0,08
0,001
0
0
0
0
0
0
0
0
0
0
0,006
0,109
0,229
0,335
0,449
0,521
0,548
0,565
0,482
0,411
0,295
0,182
0,063
0,001
0
0
0
0
0
0
0
0
0
0
0,011
0,191
0,396
0,588
0,744
0,848
0,895
0,88
0,807
0,68
0,506
0,304
0,111
0
0
0
0
0
0
0
0
0
0
0
0,01
0,172
0,354
0,529
0,666
0,77
0,83
0,818
0,758
0,639
0,491
0,296
0,113
0,001
0
0
0
0
0
0
0
0
0
0
0,01
0,189
0,396
0,587
0,741
0,846
0,892
0,88
0,811
0,682
0,511
0,31
0,111
0,001
0
0
0
0
0
0
0
0
0
0
0,007
0,135
0,282
0,387
0,53
0,648
0,684
0,698
0,697
0,591
0,466
0,293
0,103
0,001
0
0
0
0
0
0
0
0
0
0
0,009
0,187
0,398
0,596
0,756
0,863
0,911
0,896
0,821
0,688
0,51
0,302
0,102
0
0
0
0
0
0
0
0
0
0
0
0,008
0,159
0,34
0,517
0,66
0,733
0,78
0,776
0,703
0,582
0,435
0,244
0,079
0
0
0
0
0
0
0
0
0
0
0
0,006
0,197
0,424
0,637
0,809
0,925
0,976
0,924
0,718
0,734
0,439
0,205
0,034
0
0
0
0
0
0
0
0
0
0
0
0,007
0,17
0,368
0,553
0,704
0,812
0,859
0,846
0,777
0,65
0,482
0,283
0,092
0
0
0
0
0
0
0
0
0
0
0
0,01
0,167
0,385
0,609
0,71
0,803
0,469
0,51
0,52
0,394
0,289
0,173
0,062
0
0
0
0
0
0
0
0
0
0
0
0,007
0,063
0,138
0,244
0,32
0,414
0,594
0,505
0,714
0,527
0,553
0,235
0,063
0
0
0
0
0
0
0
0
0
0
0
0,006
0,181
0,399
0,601
0,761
0,868
0,91
0,891
0,808
0,666
0,479
0,268
0,075
0
0
0
0
0
0
0
0
0
0
0
0,005
0,186
0,413
0,628
0,8
0,915
0,965
0,872
0,775
0,6
0,414
0,227
0,018
0
0
0
0
0
0
0
0
0
0
0
0,005
0,157
0,347
0,525
0,665
0,761
0,801
0,789
0,722
0,599
0,436
0,243
0,031
0
0
0
0
0
0
0
0
0
0
0
0,004
0,145
0,315
0,507
0,65
0,733
0,767
0,769
0,673
0,541
0,401
0,224
0,026
0
0
0
0
0
0
0
0
0
0
0
0,005
0,136
0,284
0,437
0,546
0,641
0,66
0,714
0,643
0,467
0,343
0,218
0,022
0
0
0
0
0
0
0
0
0
0
0
0,004
0,168
0,382
0,583
0,739
0,841
0,884
0,86
0,774
0,632
0,448
0,239
0,021
0
0
0
0
0
0
0
0
0
0
0
0,003
0,137
0,317
0,493
0,628
0,719
0,774
0,77
0,699
0,566
0,417
0,228
0,026
0
0
0
0
0
0
0
0
0
0
0
0,003
0,137
0,32
0,493
0,627
0,725
0,777
0,763
0,693
0,572
0,412
0,223
0,022
0
0
0
0
0
0
0
0
0
0
0
0,003
0,118
0,285
0,444
0,58
0,686
0,711
0,731
0,673
0,546
0,393
0,209
0,022
0
0
0
0
0
0
0
0
0
0
0
0,002
0,149
0,26
0,432
0,523
0,67
0,602
0,669
0,364
0,229
0,286
0,211
0,037
0
0
0
0
0
0
0
0
0
0
0
0,002
0,136
0,328
0,506
0,643
0,74
0,78
0,751
0,671
0,545
0,386
0,199
0,014
0
0
0
0
0
0
0
0
0
0
0
0,002
0,125
0,309
0,474
0,61
0,683
0,719
0,714
0,649
0,51
0,346
0,172
0,008
0
0
0
0
0
0
0
0
0
0
0
0,002
0,132
0,317
0,494
0,632
0,719
0,748
0,723
0,654
0,526
0,375
0,188
0,011
0
0
0
0
0
0
0
0
0
0
0
0,002
0,139
0,342
0,535
0,686
0,787
0,826
0,801
0,717
0,578
0,398
0,195
0,009
0
0
0
0
0
0
0
0
0
0
0
0,001
0,108
0,279
0,439
0,572
0,672
0,72
0,703
0,637
0,519
0,354
0,174
0,01
0
0
0
0
0
0
0
0
0
0
0
0,001
0,041
0,09
0,168
0,205
0,209
0,189
0,18
0,176
0,175
0,101
0,057
0,002
0
0
0
0
0
0
0
0
0
0
0
0,001
0,034
0,072
0,198
0,227
0,397
0,346
0,171
0,172
0,209
0,154
0,073
0,009
0
0
0
0
0
0
0
0
0
0
0
0,001
0,071
0,2
0,313
0,425
0,459
0,467
0,425
0,35
0,252
0,165
0,077
0,002
0
0
0
0
0
0
0
0
0
0
0
0,001
0,124
0,328
0,526
0,682
0,783
0,822
0,798
0,711
0,566
0,378
0,172
0,005
0
0
0
0
0
0
0
0
0
0
0
0,001
0,12
0,319
0,513
0,669
0,767
0,804
0,778
0,689
0,546
0,359
0,16
0,004
0
0
0
0
0
0
0
0
0
0
0
0,001
0,118
0,319
0,512
0,664
0,768
0,807
0,784
0,699
0,557
0,373
0,167
0,005
0
0
0
0
0
0
0
0
0
0
0
0
0,096
0,258
0,415
0,543
0,619
0,643
0,628
0,558
0,448
0,296
0,13
0,003
0
0
0
0
0
0
0
0
0
0
0
0
0,104
0,285
0,466
0,609
0,693
0,735
0,71
0,63
0,497
0,325
0,139
0,003
0
0
0
0
0
0
0
0
0
0
0
0
0,059
0,139
0,242
0,308
0,332
0,316
0,337
0,299
0,238
0,146
0,061
0,001
0
0
0
0
0
0
0
0
0
0
0
0
0,041
0,11
0,142
0,163
0,187
0,251
0,226
0,163
0,105
0,043
0,019
0,001
0
0
0
0
0
0
0
0
0
0
0
0
0,057
0,17
0,288
0,375
0,473
0,463
0,429
0,397
0,307
0,177
0,064
0,001
0
0
0
0
0
0
0
0
0
0
0
0
0,098
0,286
0,467
0,613
0,702
0,738
0,715
0,628
0,491
0,314
0,124
0,001
0
0
0
0
0
0
0
0
0
0
0
0
0,086
0,255
0,412
0,548
0,644
0,675
0,648
0,589
0,453
0,29
0,109
0,001
0
0
0
0
0
0
0
0
0
0
0
0
0,092
0,318
0,532
0,699
0,764
0,847
0,791
0,62
0,418
0,263
0,083
0
0
0
0
0
0
0
0
0
0
0
0
0
0,078
0,244
0,404
0,531
0,62
0,644
0,622
0,535
0,428
0,266
0,103
0
0
0
0
0
0
0
0
0
0
0
0
0
0,052
0,183
0,382
0,591
0,703
0,524
0,56
0,372
0,251
0,111
0,01
0
0
0
0
0
0
0
0
0
0
0
0
0
0,075
0,231
0,385
0,517
0,595
0,617
0,593
0,538
0,404
0,264
0,09
0
0
0
0
0
0
0
0
0
0
0
0
0
0,076
0,247
0,417
0,56
0,65
0,68
0,656
0,567
0,436
0,263
0,093
0
0
0
0
0
0
0
0
0
0
0
0
0
0,022
0,079
0,138
0,188
0,181
0,212
0,161
0,104
0,091
0,054
0,023
0
0
0
0
0
0
0
0
0
0
0
0
0
0,079
0,266
0,455
0,604
0,7
0,731
0,704
0,614
0,468
0,284
0,095
0
0
0
0
0
0
0
0
0
0
0
0
0
0,032
0,138
0,315
0,415
0,477
0,581
0,55
0,441
0,36
0,179
0,06
0
0
0
0
0
0
0
0
0
0
0
0
0
0,02
0,126
0,385
0,401
0,38
0,342
0,418
0,441
0,349
0,25
0,094
0
0
0
0
0
0
0
0
0
0
0
0
0
0,006
0,124
0,192
0,299
0,348
0,38
0,346
0,294
0,197
0,122
0,035
0
0
0
0
0
0
0
0
0
0
0
0
0
0,017
0,167
0,325
0,459
0,474
0,445
0,477
0,446
0,294
0,151
0,076
0
0
0
0
0
0
0
0
0
0
0
0
0
0,03
0,245
0,429
0,577
0,672
0,702
0,671
0,575
0,428
0,248
0,033
0
0
0
0
0
0
0
0
0
0
0
0
0
0,024
0,186
0,295
0,453
0,567
0,575
0,539
0,512
0,376
0,214
0,02
0
0
0
0
0
0
0
0
0
0
0
0
0
0,022
0,194
0,357
0,491
0,576
0,608
0,601
0,516
0,388
0,223
0,031
0
0
0
0
0
0
0
0
0
0
0
0
0
0,026
0,242
0,437
0,593
0,691
0,725
0,688
0,591
0,436
0,246
0,028
0
0
0
0
0
0
0
0
0
0
0
0
0
0,022
0,217
0,393
0,534
0,624
0,656
0,628
0,544
0,401
0,225
0,026
0
0
0
0
0
0
0
0
0
0
0
0
0
0,022
0,225
0,408
0,556
0,654
0,688
0,659
0,566
0,421
0,236
0,026
0
0
0
0
0
0
0
0
0
0
0
0
0
0,009
0,073
0,031
0,056
0,111
0,211
0,404
0,421
0,354
0,216
0,058
0
0
0
0
0
0
0
0
0
0
0
0
0
0,016
0,199
0,363
0,492
0,569
0,608
0,577
0,486
0,359
0,205
0,02
0
0
0
0
0
0
0
0
0
0
0
0
0
0,016
0,19
0,356
0,492
0,584
0,626
0,606
0,522
0,39
0,221
0,025
0
0
0
0
0
0
0
0
0
0
0
0
0
0,015
0,193
0,364
0,496
0,597
0,614
0,571
0,485
0,349
0,191
0,014
0
0
0
0
0
0
0
0
0
0
0
0
0
0,014
0,187
0,359
0,487
0,522
0,539
0,528
0,433
0,326
0,177
0,013
0
0
0
0
0
0
0
0
0
0
0
0
0
0,005
0,047
0,084
0,135
0,152
0,158
0,16
0,111
0,077
0,045
0,003
0
0
0
0
0
0
0
0
0
0
0
0
0
0,004
0,067
0,126
0,175
0,201
0,214
0,209
0,181
0,122
0,064
0,003
0
0
0
0
0
0
0
0
0
0
0
0
0
0,004
0,098
0,199
0,266
0,316
0,325
0,294
0,21
0,14
0,072
0,003
0
0
0
0
0
0
0
0
0
0
0
0
0
0,008
0,139
0,268
0,388
0,456
0,471
0,387
0,335
0,253
0,125
0,003
0
0
0
0
0
0
0
0
0
0
0
0
0
0,009
0,173
0,34
0,477
0,561
0,59
0,565
0,477
0,342
0,178
0,01
0
0
0
0
0
0
0
0
0
0
0
0
0
0,002
0,051
0,136
0,215
0,253
0,377
0,436
0,432
0,312
0,21
0,027
0
0
0
0
0
0
0
0
0
0
0
0
0
0,002
0,036
0,079
0,146
0,144
0,178
0,153
0,132
0,11
0,056
0,005
0
0
0
0
0
0
0
0
0
0
0
0
0
0,006
0,154
0,317
0,455
0,537
0,568
0,536
0,447
0,311
0,156
0,006
0
0
0
0
0
0
0
0
0
0
0
0
0
0,007
0,141
0,281
0,381
0,457
0,489
0,492
0,366
0,257
0,131
0,007
0
0
0
0
0
0
0
0
0
0
0
0
0
0,003
0,09
0,17
0,25
0,285
0,316
0,308
0,227
0,158
0,074
0,002
0
0
0
0
0
0
0
0
0
0
0
0
0
0,003
0,081
0,19
0,254
0,321
0,347
0,324
0,283
0,21
0,107
0,002
0
0
0
0
0
0
0
0
0
0
0
0
0
0,002
0,107
0,205
0,278
0,333
0,357
0,328
0,289
0,194
0,082
0,002
0
0
0
0
0
0
0
0
0
0
0
0
0
0,003
0,111
0,243
0,332
0,453
0,512
0,486
0,43
0,317
0,151
0,007
0
0
0
0
0
0
0
0
0
0
0
0
0
0,001
0,014
0,085
0,149
0,209
0,384
0,412
0,353
0,259
0,115
0,011
0
0
0
0
0
0
0
0
0
0
0
0
0
0,001
0,076
0,182
0,255
0,397
0,394
0,354
0,349
0,303
0,165
0,015
0
0
0
0
0
0
0
0
0
0
0
0
0
0,003
0,146
0,321
0,469
0,562
0,598
0,566
0,472
0,329
0,155
0,004
0
0
0
0
0
0
0
0
0
0
0
0
0
0,002
0,131
0,296
0,432
0,522
0,553
0,523
0,435
0,304
0,142
0,004
0
0
0
0
0
0
0
0
0
0
0
0
0
0,002
0,138
0,313
0,456
0,551
0,584
0,558
0,468
0,326
0,153
0,004
0
0
0
0
0
0
0
0
0
0
0
0
0
0,002
0,113
0,266
0,406
0,494
0,514
0,487
0,39
0,257
0,117
0,002
0
0
0
0
0
0
0
0
0
0
0
0
0
0,002
0,107
0,243
0,366
0,432
0,461
0,428
0,346
0,231
0,102
0,001
0
0
0
0
0
0
0
0
0
0
0
0
0
0,001
0,092
0,198
0,321
0,384
0,459
0,414
0,351
0,261
0,126
0,006
0
0
0
0
0
0
0
0
0
0
0
0
0
0,001
0,08
0,186
0,3
0,35
0,398
0,356
0,287
0,187
0,083
0,001
0
0
0
0
0
0
0
0
0
0
0
0
0
0,001
0,033
0,081
0,165
0,145
0,257
0,354
0,299
0,269
0,139
0,006
0
0
0
0
0
0
0
0
0
0
0
0
0
0,001
0,109
0,272
0,415
0,509
0,545
0,519
0,431
0,293
0,128
0,003
0
0
0
0
0
0
0
0
0
0
0
0
0
0
0,084
0,216
0,325
0,402
0,43
0,403
0,337
0,23
0,102
0,002
0
0
0
0
0
0
0
0
0
0
0
0
0
0
0,023
0,061
0,101
0,044
0,047
0,084
0,452
0,29
0,135
0,004
0
0
0
0
0
0
0
0
0
0
0
0
0
0
0,053
0,134
0,194
0,224
0,273
0,274
0,213
0,131
0,052
0,001
0
0
0
0
0
0
0
0
0
0
0
0
0
0,001
0,121
0,264
0,4
0,339
0,156
0,171
0,169
0,125
0,028
0,001
0
0
0
0
0
0
0
0
0
0
0
0
0
0
0,086
0,224
0,345
0,427
0,457
0,433
0,359
0,246
0,108
0,001
0
0
0
0
0
0
0
0
0
0
0
0
0
0
0,052
0,128
0,173
0,159
0,213
0,102
0,129
0,119
0,046
0,001
0
0
0
0
0
0
0
0
0
0
0
0
0
0
0,058
0,148
0,245
0,303
0,317
0,301
0,249
0,171
0,076
0,001
0
0
0
0
0
0
0
0
0
0
0
0
0
0
0,047
0,232
0,306
0,36
0,34
0,309
0,328
0,133
0,09
0,001
0
0
0
0
0
0
0
0
0
0
0
0
0
0
0,008
0,021
0,033
0,041
0,288
0,263
0,224
0,249
0,078
0,003
0
0
0
0
0
0
0
0
0
0
0
0
0
0
0,019
0,053
0,11
0,132
0,11
0,117
0,112
0,074
0,028
0,001
0
0
0
0
0
0
0
0
0
0
0
0
0
0
0,007
0,02
0,032
0,064
0,105
0,116
0,465
0,304
0,135
0,002
0
0
0
0
0
0
0
0
0
0
0
0
0
0
0,01
0,055
0,056
0,038
0,13
0,325
0,421
0,267
0,128
0,006
0
0
0
0
0
0
0
0
0
0
0
0
0
0
0,074
0,22
0,354
0,443
0,476
0,453
0,375
0,251
0,105
0,001
0
0
0
0
0
0
0
0
0
0
0
0
0
0
0,068
0,208
0,327
0,413
0,436
0,43
0,348
0,237
0,104
0,001
0
0
0
0
0
0
0
0
0
0
0
0
0
0
0,074
0,228
0,368
0,464
0,506
0,487
0,408
0,277
0,118
0,001
0
0
0
0
0
0
0
0
0
0
0
0
0
0
0,073
0,233
0,379
0,48
0,521
0,5
0,418
0,284
0,122
0,001
0
0
0
0
0
0
0
0
0
0
0
0
0
0
0,064
0,147
0,172
0,235
0,147
0,072
0,324
0,238
0,128
0,002
0
0
0
0
0
0
0
0
0
0
0
0
0
0
0,026
0,178
0,298
0,376
0,41
0,391
0,321
0,213
0,089
0,001
0
0
0
0
0
0
0
0
0
0
0
0
0
0
0,005
0,072
0,134
0,154
0,141
0,187
0,174
0,098
0,05
0,003
0
0
0
0
0
0
0
0
0
0
0
0
0
0
0,028
0,197
0,317
0,412
0,438
0,43
0,368
0,25
0,103
0,001
0
0
0
0
0
0
0
0
0
0
0
0
0
0
0,005
0,019
0,029
0,041
0,049
0,057
0,348
0,237
0,103
0,002
0
0
0
0
0
0
0
0
0
0
0
0
0
0
0,019
0,134
0,144
0,17
0,18
0,238
0,248
0,224
0,043
0,004
0
0
0
0
0
0
0
0
0
0
0
0
0
0
0,013
0,125
0,209
0,267
0,311
0,278
0,24
0,17
0,066
0,001
0
0
0
0
0
0
0
0
0
0
0
0
0
0
0,022
0,101
0,151
0,28
0,29
0,337
0,273
0,283
0,079
0,005
0
0
0
0
0
0
0
0
0
0
0
0
0
0
0,016
0,121
0,204
0,273
0,298
0,285
0,242
0,169
0,067
0,001
0
0
0
0
0
0
0
0
0
0
0
0
0
0
0,015
0,138
0,243
0,316
0,345
0,33
0,276
0,175
0,071
0,001
0
0
0
0
0
0
0
0
0
0
0
0
0
0
0,024
0,223
0,203
0,319
0,329
0,322
0,134
0,147
0,069
0,004
0
0
0
0
0
0
0
0
0
0
0
0
0
0
0,017
0,142
0,262
0,309
0,33
0,311
0,266
0,187
0,076
0,001
0
0
0
0
0
0
0
0
0
0
0
0
0
0
0,015
0,139
0,244
0,323
0,371
0,334
0,26
0,183
0,082
0,001
0
0
0
0
0
0
0
0
0
0
0
0
0
0
0,008
0,018
0,029
0,045
0,193
0,13
0,367
0,267
0,133
0,006
0
0
0
0
0
0
0
0
0
0
0
0
0
0
0,019
0,186
0,323
0,417
0,461
0,447
0,379
0,261
0,117
0,002
0
0
0
0
0
0
0
0
0
0
0
0
0
0
0,02
0,197
0,345
0,45
0,499
0,485
0,41
0,283
0,126
0,002
0
0
0
0
0
0
0
0
0
0
0
0
0
0
0,003
0,026
0,055
0,08
0,102
0,124
0,389
0,277
0,129
0,004
0
0
0
0
0
0
0
0
0
0
0
0
0
0
0,006
0,044
0,085
0,104
0,1
0,087
0,385
0,258
0,113
0,001
0
0
0
0
0
0
0
0
0
0
0
0
0
0
0,008
0,083
0,15
0,185
0,208
0,219
0,183
0,114
0,053
0,001
0
0
0
0
0
0
0
0
0
0
0
0
0
0
0,006
0,014
0,049
0,189
0,246
0,226
0,247
0,207
0,082
0,005
0
0
0
0
0
0
0
0
0
0
0
0
0
0
0,017
0,171
0,303
0,417
0,47
0,451
0,38
0,268
0,125
0,003
0
0
0
0
0
0
0
0
0
0
0
0
0
0
0,018
0,185
0,323
0,421
0,47
0,456
0,39
0,271
0,126
0,003
0
0
0
0
0
0
0
0
0
0
0
0
0
0
0,014
0,155
0,285
0,385
0,432
0,433
0,37
0,267
0,127
0,004
0
0
0
0
0
0
0
0
0
0
0
0
0
0
0,011
0,098
0,177
0,245
0,288
0,272
0,205
0,139
0,062
0,001
0
0
0
0
0
0
0
