29550.14
28125.89
26585.15
25383.95
24776.1
24680.86
24746.2
25067.17
24958.08
26016.04
27476.04
29260.61
29756.29
30268.04
30373.64
30143.71
30526.74
31938.96
33463.6
33134.25
32317.3
31606.33
31143.3
30290.42
28957.57
27591.92
26454.1
25803.12
25345.96
25367.2
25600.12
26221.3
27200.56
28875.54
30549.72
32108.57
32117.92
32533.94
32511.38
31903
32014.59
33327.95
35095.98
34545.73
33535.45
32730.73
32230.98
30881.87
29678.35
28048.95
26945.64
26165.76
25817.78
25708.62
25947.85
26155.09
26212.66
27319.82
29033.99
30634.2
30857.07
31417.24
31508.25
31223.4
31492.95
33147.39
34902.3
34603.82
33879.63
33162.63
32619.43
31595.36
30120.3
28763.74
27660.37
26880.76
26830.72
27284.13
28131.28
30632.08
35473.12
39058.81
40646.96
41225.04
39808.21
40084.37
40430.43
39307.27
39492.61
40558.63
40588.05
39481.51
38149.24
37269.25
36626.77
35331.41
33522.19
31816.77
30560.54
29768.48
29476.93
29806.46
30390.61
32207.57
36216.87
39514.85
41061.41
41557.1
40315.41
40446.09
40875.97
40203.42
40001.93
40808.11
41003.71
39804.13
38405.48
37586.09
37034.63
35575.52
33604.73
31892.25
30827.41
30080.36
29901.92
30242.28
30932.48
32739.47
36942.77
40138.2
41459.82
42060.75
40600.38
40845.13
40933.81
40210.4
40178.82
40983.73
41263.52
40263.55
38814.88
38202.24
37484.73
36119.85
34146.82
32357.33
31200.22
30386.62
30291.93
30342.2
31222.08
32979.82
37215.68
40324.56
41349.22
41869.71
40416.44
40741.6
40933.84
40060.19
40217.88
41277.65
41561.29
40299.02
39023.25
38070.15
37491.88
36294.69
34177.52
32404.55
31192.98
30355.33
30128.43
30402.73
31161.58
33061.92
37074.65
39987.71
41264.49
41710.85
40236.35
39411.2
40416.33
39666.47
39608.42
40341.31
40594.73
39578.09
38468.2
37690.66
36945.26
35905.15
34237.29
32598.55
31268.17
30359.37
29795.31
29924.17
30107.29
30841.73
32341.73
34167.84
35810.29
37040.87
36699.09
37305.26
37552.58
36914.42
36773
37717.68
38870.04
38001.92
37011.59
36179.51
35441.42
34300.61
32413.23
30838.63
29482.25
28504.33
28194.85
28063.79
28070.85
28081
27712.61
29190.53
30815.17
32134.42
32402.16
33296.59
33423.11
32901.99
33411.28
34805.76
36254.9
35825.95
35058.48
34258.08
33773.24
32823.03
31444.88
30005.21
28865.34
28159.32
27895.02
28230.94
29135.17
31561.83
36245.94
39762.58
41360.4
41925.3
40616.31
41000.14
41209.65
40613.73
40388.47
41041.26
41096.85
39922.73
38465.19
37737.87
37030.03
35783.14
34004.54
32291.42
31031.04
30089.73
29912.57
30149.89
30873.68
32563.02
36491.23
39361.46
40534.82
41439.1
40301.23
40504.66
40649.84
40100.05
39978.31
40770.99
40714.28
39499.9
38007.94
37359.16
36548.78
35234.3
33380.08
31872
30694.48
29899.26
29657.64
29880.12
30685.35
32541.78
36417.63
39596.38
41256.1
42281.73
41289.48
41934.4
42582.13
42028.13
41762.43
42062.55
41861.29
40450.61
38842.92
38051.48
37295.74
35912.96
33897.53
32176.33
31017.52
30118.44
30037.83
30213.95
30989.53
32843.01
37205.49
40486.74
42194.77
43109.14
42240.85
42848.88
43366.74
42692.51
42330.84
42620.22
42355.33
41189.57
39529.86
38652.63
37948.7
36643.3
34617.95
32671.26
31306.34
30565.15
30243.69
30650.3
31421.99
33291.83
37521.47
41118.4
42866.25
43692.1
42379.57
41730.85
42815.97
42343.43
41978.4
42123.59
41926.48
40587.22
39214.63
38304.51
37621.98
36419.99
34533.72
32800.91
31419.9
30628.48
30192.04
30140.92
30373.07
31121.7
32665.6
34609.07
36482.98
38033.32
38170.06
38914.42
39113.54
38600.12
38380.57
38689.66
39362.86
38660.26
37567.68
36884.58
36137.04
34845.55
33240.5
31381.18
29904.67
29007.51
28560.93
28400.7
28308.1
28044.4
27390.31
28877.88
30982.92
32816.95
33492.38
34274.97
34236.08
34010.57
34255.11
34996.11
36686.75
36308.79
35680.58
34974.06
34542.8
33524.31
31747.22
30171.08
28812.43
27993.4
27960.54
28299
29174.83
31642.02
36920.93
41172.01
43299.81
44887.05
44022.67
44395.1
44795.54
44280.63
44099.71
43978.22
43717.78
42299.01
40699.73
39644.43
38772.55
37584.18
35160.04
33334.66
31819.19
31194.56
30874.21
30968.14
31920.36
33795.13
38325.57
42410.28
44615.79
45611.43
44597.68
44937.95
45226.79
44445.97
43840.22
44005.88
44067.24
42739.03
41327.31
40256.73
39518.96
38105.91
35861.37
33730.01
32346.06
31620.02
31389.41
31547.83
32461.45
34532.51
39230.17
43353.78
45227.92
46056.56
45128.26
45292.06
45341.96
44676.66
44176.02
44347.51
44391.9
42970.55
41311.38
40316.03
39519.3
38019.38
35725.38
33824.95
32388.88
31607.54
31427.68
31660.04
32422.14
34640
39423.96
43334.85
44974.45
45802.42
44485.85
44459.9
44648.77
43962.34
43643.49
44087.1
44091.07
43006.13
41268.4
40323.63
39562.63
37886.22
35664.71
33637.23
32399.24
31637.33
31300.17
31729.28
32550.2
34627.39
39278.59
42596.55
44563.41
45207.33
43531.93
42496.86
42984.27
42400.53
41975.05
42586.88
42675.54
41434.51
40076.65
39274.1
38556.8
37305.97
35429.93
33155.96
32195.7
31131.35
30732.15
30714.93
31058.86
31703.91
33561.59
35558.53
37056.91
38312.01
38030.49
38484.89
38216.12
37579.94
37314.27
37868.89
39484.32
38883.25
38097.54
37262.56
36588.11
35347.17
33493.39
31596.2
30092.71
29241.22
28802.07
28622.23
28676.79
28630.91
28336.45
29722.24
31523.82
32983.56
33541.53
34059.81
34182.37
33817.11
33880.51
34659.99
36604.8
36645.22
35812.22
35087.58
34537.46
33608.08
32154.46
30428.07
29198.31
28462.13
28248.48
28597.27
29653.54
31976.79
37090.16
40500.8
42335.4
43388.03
42384.67
42847.61
43193.67
42470.81
42365.89
42352.93
42188.09
40999.08
39470.9
38693.7
37963.85
36735.31
34667.68
33088.33
31844.13
30746.06
30469.48
30673.34
31591.37
33419.67
37543.1
40493.72
42042.06
43060.43
41989.05
42516.73
42743.91
42168.88
41775.38
42058.66
42158.7
40822.39
39469.76
38653.74
37855.97
36701.24
34803.27
32943.37
31577.28
30770.72
30483.68
30636.78
30944.79
33230.86
37298.3
40651.84
42498.52
43709.51
42900.13
43350.71
43825.19
43308.36
43249.77
43052.09
42785.35
41754.72
40077.54
39148.65
38415.9
37244.5
35230.13
33192.73
32000.4
31131.9
30941.6
31174.09
31958.8
34081.78
38221.11
41727.73
43648.79
44660.32
43699.77
44235.07
44709.71
44191.92
43735.85
43434.24
43075.42
42553.53
40840.1
39742.19
38909.35
37753.78
35763.32
33848.34
32376.07
31513.02
31413.86
31564.1
32460.57
34265.22
38675.23
42255.3
43800.92
44951.67
43823.39
42739.47
43725.67
43033.13
42469.81
42373.46
42533.73
41724.19
40110.07
39276.85
38583.16
37579.95
35518.1
33660.2
32134.92
31060.78
30552.66
30495.85
30893
31443.91
33058.74
35463.28
37103.65
38788.55
38637.79
39482.52
39482.69
38819.91
38547.12
38324.14
39044.77
38887.18
37617.44
36709.4
36196.04
34992.93
33279.56
31452.3
29960.06
29047.66
28406.83
28282.27
28258.14
28209.77
27790.86
29208.11
31044.75
32486.71
33022.99
33564.52
33640.31
33030.38
32904.24
33614.11
35734.3
36147.43
35643.95
34771
34309.4
33320.77
31864.21
30153.14
28950.68
28147.85
28059.62
28087.91
28890.06
31348.51
36451.17
39911.4
41490.66
42680.21
41435.17
41561.78
41482.06
40607.71
40072.21
40227.84
40558
39658.03
38360.7
37515.03
36940.1
35595.94
33896.43
32207.75
30706.33
29997.3
29781.57
29899.15
30793.76
32462.06
36553.21
39655.7
40987.98
41532.37
39944.88
40167.67
40461.9
39687.06
39554.37
39727.71
40082.9
39514.74
38226.73
37440.71
36849.27
35515.47
34005.22
32049.8
30877.61
29970.12
29615.83
29906.22
30841.2
32539.87
36493.72
39703.63
41100.51
41530.92
40083.56
40247.55
40296.4
39361.12
39088.32
39080.86
39679.69
39420.48
38184.17
37430.43
36750.89
35420.38
33686.84
31886.44
30710.59
29998
29609.8
29918.77
30762.24
32394.51
36649.49
39378.2
40597.83
41196
39542.69
38947.88
39886.13
39115.58
38623.17
38762.25
39316.1
39340.34
38139.32
37305.31
36722.69
35605.72
33421.39
31817.08
30658
29905.3
29614.7
29864.32
30579.45
32218.73
36258.02
39083.34
40666.55
41082.22
39437.08
37928.81
38875.18
38130.76
37605.31
37815.85
38486.94
38579.85
37477.67
36797.49
36247.35
35309.06
33318.69
31799.57
30488.24
29717.28
29452.83
29408.89
29900.26
30448.49
32093.04
33845.78
35175.02
36156.69
35249.74
35996.36
35767.95
34826.72
33955.73
34457.56
36448.77
36789.5
35899.25
35153.12
34502.13
33413.81
31637.67
30093.81
28733.76
27951.63
27701.93
27410.73
27549.37
27342.64
26944.16
28146.89
29757.97
30835.63
31139.45
31523.84
31336.26
30731.54
30737.13
31675.61
33751.39
34706.93
34069.88
33157.43
32773.14
31733.25
30486.93
29019.76
27788.18
27141.7
27015.34
27293.1
28287.08
30410.45
35169.46
38235.31
39803.57
40571.08
39209.94
39259.33
39454.57
38939.11
38651.8
38729.32
38906.12
38632.61
37256.4
36456.89
35743.65
34577.27
32855.82
31233.07
29962.89
29342.88
29131.15
29295.3
30131.38
31599.85
35869.76
38567.04
39362.32
39964.6
38409.25
38428.5
38807.99
38030.83
37688.68
37938.15
38508.07
38659.94
37373.64
36684.2
35924.39
34620.81
33027.46
31393.38
30168.64
29353.51
29238.22
29516.77
30297.21
31825.07
35853.2
38571.34
39464.66
40210.67
38611.8
38745.81
38908.63
37994.1
37720.15
37689.85
38348.36
38518.23
37539.28
36695.63
36174.33
35072.55
33310.68
31774.31
30500.45
29626.16
29482.88
29629.83
30431.93
32107.39
36264.33
38585.01
39683.25
40072.2
38750.11
38788.82
39118.83
38188.45
37725.72
37906.21
38783.96
38991.38
37851.17
36952.65
36259.84
35080.68
33253.12
31701.83
30324.81
29705.06
29270.06
29550.8
30410.31
32096.95
36243.44
39161.45
40532.39
41454.53
40187.81
39152.64
40332.1
39877.89
39410.78
39453.24
39592.24
39556.16
38264.95
37204.56
36583.6
35511.63
33690.91
32226.08
31100.87
30101.47
29761.64
29888.95
30266.28
30407.82
32415.73
34383.89
35859.82
36809.79
36629.37
37106.54
37179.2
36240.02
35873.53
36260.3
37400.09
37914.89
36992.42
35925.77
35183.2
33870.35
32345.87
30814.39
29427.23
28601.98
28164.42
28172.28
28155.35
27610.92
27487.97
28772.83
30607.02
32018.99
32515.82
33084.57
33101.08
32944.77
32952.66
33398.63
35047.91
35715.08
34564.79
34215.21
33573.18
32693.03
31184.23
29519.88
28427.93
27552.49
27561.96
27993.59
29016.93
31046.02
36312.36
40331.21
42202.94
43304.38
42330.76
42816.45
43233.56
42521.89
42266.95
41936.86
41608.47
41157.83
39471.17
38489.04
37574.78
36380.49
34436.79
32727.9
31511.05
30722.63
30510.99
30611.25
31377.93
32836.85
37430.1
41677.41
43660.54
44624.66
43799.87
44085.35
44371.41
43845
43287.24
42931.06
42392.13
41968.28
40306.23
39011.45
38330.31
36694.9
34884.5
32995.77
31636.7
30767.18
30543.81
30766.49
31643.61
33124.52
37922.03
41928.73
44195.02
45241.1
44454.51
44604.93
44840.43
44453.32
43533.23
43204.77
42997.4
42892.38
41274.75
40126.77
39237.54
37869.84
35708.61
33557.09
32337.46
31658.07
31513.78
31740.29
32613.7
34187.87
38924.41
42889.31
44763.27
45884.74
44549.27
45138.4
45364.36
44880.04
44380.08
44143.65
43388.96
42899.98
41277.49
40169.98
39492.17
38120.24
35918.22
33705.42
32431.15
31570.95
31335.42
31635.36
32495.49
34039.94
38995.29
42927.28
44734.62
45555.82
44363.79
43012.63
44139.18
43525.59
43016.98
42641.16
42221.48
42141.02
40616.63
39659.55
38451.85
37238.23
35534.72
33807.69
32378.86
31549.2
31039.27
31208.91
31698.45
31858.58
33860.65
36125.69
37927.34
39230.25
38886.94
39231.55
39085.99
38567.59
37599.69
37535.35
38803.8
39634.32
38896.37
37862.96
37126.1
34890.09
33923.77
31835.34
30556.98
29590.28
29049.83
29071.66
29282.14
28744.02
28778.6
30556.99
32457.05
33712.84
34166.81
34726.08
34383.99
33701.63
33523.71
33846.33
35733.23
37330.03
36921.85
36010.58
35450.57
34261.88
32543.82
30664.39
29423.1
28896.12
28675.93
29003.06
30288.81
32524.43
38282.09
42388.88
44001.41
44257.52
42966.3
42859.87
42873.99
41962.33
41292.46
41140.09
41329.49
41871.63
40499.32
39553.13
38716.56
37303.04
34887.79
33195.05
31764.84
30968.12
30945.73
31237
32384.72
33929.59
39034.28
42530.06
43785.7
43768.72
42211.52
42056
42048.59
40831.84
40224.19
39903.52
40427.84
41208.01
40037.55
39147.39
38333.19
36707.92
34074.9
32708.48
31632.61
30954.2
30687.85
30952.48
31935.02
33534.67
38462.72
41611.3
42640.01
43230.33
41808.56
42053.44
42303.03
41363.97
40734.32
40575
40742.76
41032.84
39722.61
38818.92
38006.51
36583.71
34734.88
32812.73
31574.74
30811.95
30668.29
30894.58
31796.35
33324.93
38244.43
41469.11
42911.12
43801.47
42187.55
42360.89
42424.96
41231.91
40506.62
40305.39
40510.54
41058.79
39670.81
38685.74
37991.55
36274.48
34529.1
32832.06
31631.56
30696.93
30675.29
30975.74
31860.37
33291.68
37834.62
41366.59
42492.2
42841.84
40947.09
39478.51
40304.56
39361.77
38657.57
38600.87
38922.2
39858.12
38881.84
38075.72
37227.53
36008.16
34092.7
32246.82
31038.3
30359.38
29940.16
30050.69
30591.27
30364.92
32432.78
34556.34
36221.22
37299.23
36534.61
36894.38
36533.59
35427.78
34636.5
34623.93
36010.11
37760.24
37108.74
36022.98
35168.6
33793.33
32107.55
30634.36
29424.27
28541.17
28197.97
28037.12
28387.63
27573.36
27953.06
29267.78
31109.58
32252.1
32574.5
33027.72
32979.93
32465.68
32333.72
32686.69
34192.22
36016.22
35370.44
34542.86
34049.79
33038.12
32107.55
30634.36
29424.27
28541.17
28197.97
28037.12
28387.63
27573.36
27953.06
29267.78
31109.58
32252.1
32574.5
33027.72
32979.93
32465.68
32333.72
32686.69
34192.22
36016.22
35370.44
34542.86
34049.79
33038.12
31401.36
29885.83
28905.21
28259.41
28128.73
28459.65
29614.25
31360.47
37562.4
41450.18
42764.33
43409.18
42004.77
42054.84
42198.66
41479.54
41066.17
40907.88
40620.5
41144.6
39758.87
38806
38107.62
36688.95
34679.6
32880.02
31692.5
31035.81
30789.03
31010.03
32125.07
33456.96
38773.52
42113.22
43313.88
43953.63
42690.54
43049.86
43422.33
42790.33
42352.11
42135.58
41736.87
42091.72
40795.95
39676.38
38636.98
37201.1
35012.28
33251.54
32101.12
31345.6
30935.53
31178.44
32285.93
33739.61
39069.87
42529.42
43605.03
43501.93
42507.9
42789.88
43086.91
42154.57
41614.34
41226.68
41127.66
41902.55
40593.6
39491.67
38617.87
37146.48
35031.79
33149.3
32086.42
31343.23
31127.68
31416.01
32304.19
34069.31
39450.01
42714.5
43772.85
44301.7
42501.33
42299.17
42492.23
41339.33
41041.96
40345.2
40286
41611.84
40417.95
39287.57
38403.99
36901.45
34727.4
32990.69
31875.39
31001.09
30671.42
31058.12
32076.19
33647.15
39165.89
42015.14
42780.12
43129.3
41272.45
39848.64
40654.05
39853.43
39088.04
38733.18
38885.8
40280.92
39439.01
38398.89
37592.56
36316.91
34377.33
32724.08
31424.03
30706.76
30445.95
30565.41
31200.83
31268.03
34820.39
37765.54
39299.88
39920.7
38840.28
38886.59
38773.09
37890.59
37215.21
37313.65
38231.14
39463.16
38307.86
37316.48
36385.09
35110.48
32909.04
31040.98
29709.06
29041.64
28704.72
28636.61
28717.08
27741.51
28741.45
30583.13
32514.71
33798.82
33981.05
34285.21
34014.21
33647.8
33264.94
33668.9
34981.61
36766.97
36376.72
35460.35
34685.89
33475.62
31647.36
30002.9
29089.21
28471.45
28435.03
28825.15
29921.68
31976.32
38158.97
42124.29
43229.79
43895.47
42255.75
42094.24
42398.95
40794.62
40882.78
40458.67
40423.86
41495.84
40325.35
39304.05
38356.47
36850.4
34608.26
32980.49
31746.53
30985.41
30675.88
31027.18
31982.09
33499.73
39162.99
42287.48
43409.14
43783.82
41924.19
41840.88
42324.71
41488.04
41040.74
40550.94
40188.29
41194.24
40274.98
39158.31
38156.94
36583.86
34695.49
32740.29
31504.34
30729.03
30637.91
31006.66
31991.16
33274.39
38515.73
41996.48
43046.93
43386.6
41715.83
41544.02
42088.04
41312.15
41074.62
40631.8
40354.85
41208.03
40154.99
38905.17
38080.9
36838.09
34650.69
32832.77
31654.46
30927.28
30830.52
31197.11
31962.65
33174.86
38633.28
41879.76
43297.51
43728.06
42591.93
43228.61
44003.44
43280.5
43143.94
42679.03
41955.54
42005.08
40724.89
39664.39
38739.39
37384.99
35075.05
33192.68
32139.52
31321.74
31133.38
31519.77
32210.64
33779.59
39040.19
42494.54
43473.48
43692.69
41729.04
40209.84
41146.53
40100.21
39690.7
39302.89
39123.95
40683.52
39864.67
39076.36
38150.78
36676.32
34581.53
32879.94
31753.05
30977.29
30811.32
30988.07
31431.99
31859.58
35843.31
38612.73
39890.92
40576.5
39183.84
39046.56
38506.21
37133.44
36396.27
36222.69
37321.22
39111.63
38468.23
37637.95
36859.11
35247.05
33298.86
31320.5
30074.31
29130.09
28783.57
28775.94
28829.48
27813.7
28824.88
30953.53
32846.21
33837.92
33949.35
34195.05
34023.32
33443.2
33146.79
33451.97
34933.21
36893.9
36626.99
35730.26
34884.05
33600
31943.99
30304.79
29432.58
28732.21
28595.5
29033.74
29992.7
31697.91
37927
41490.42
42632.29
43353.85
41972.48
42231.8
42807.06
42037.29
41609.84
40965.72
40139.58
40993.34
39867.69
38944.15
37904.82
36450.91
34365.94
32705.09
31481.24
30850.42
30608.87
30834.19
31893.94
32863.3
38580.39
41767.83
43127.61
43701.85
42187.75
42369.19
42789.18
41875.29
41501.94
41000.22
40629.77
41471.88
40479.89
39411.21
38366.6
37096.37
34795.81
33137.89
31884.84
31179.46
30849.5
31309.3
32019.59
33088.74
38665.67
42176.78
43579.1
44256.93
42990.45
43294.34
43789.83
43002.17
42505.99
41741.54
41341.1
41955.88
40792.73
39639.55
38576.59
37031.22
34984.34
33114.75
31955.13
31255.03
31047.88
31422.47
32073.89
33545.05
39328.8
42743.34
43842.05
44724.48
43271.36
43571.93
43865.57
43027.53
42203.32
41739.53
40856.67
41910.43
40991.93
39734.41
38751.15
37369.11
35037.67
33056.73
31861.23
31187.43
30942.75
31520.97
32177.94
33633.24
39310.18
42398.69
43320.3
43956.58
42502.53
41600.77
42732.56
42331.22
41883.09
41435.52
40779.24
41489.28
40445.1
39595.55
38515.15
37026.16
34823.58
33215.66
31939.39
31191.48
30832.41
30994.29
31312.09
31524.92
35736.45
38710.23
40498.74
41342.46
40173.52
40148.05
39964.65
39082.97
38167.05
38071.66
38467.84
39767.43
38942.4
37800.63
36940.4
35440.08
33570.1
31679.33
30321.08
29364.89
28970.1
29090.26
28772.58
27749.25
28742.42
30408.2
32317.52
33551.05
33597
34121.18
34164.76
33530.61
33141.74
33382.49
34060.65
36056.99
35820.24
35076.45
34309.03
33003.14
31594.62
29921.22
28854.69
28282.75
28142.89
28661.28
29448.03
31376.77
37856.96
41675.25
42869.02
43574
42043.42
42004.97
42307.72
41292.83
41193.21
40648.45
39939.78
40774.49
39761.9
38451.54
37494.46
36326.75
34080.13
32575.11
31444.17
30744.56
30573.85
30874.49
31206.82
32666.66
38405.46
41970.99
43288.82
44015.4
43581.45
43995.57
44623.95
43824.87
43325.93
42435.98
40972.55
41103.76
39883.39
38411.61
37366.37
35925.16
33646.4
31927.84
30756.84
30062.59
29907.34
30142.14
30853.04
32341.94
38575.39
41958.91
43350.8
44365.63
43294.76
43532.06
44108.47
43729.49
43443.03
42402.66
41050.88
41740.34
40723.04
39466.79
38496.65
36795.59
34679.92
32803.49
31390.81
30812.82
30622.27
31115.99
31707.42
33211.64
39056.45
42616.48
43725.31
44804.32
43438.76
43778.96
44310.9
43523.56
42909.85
42389.07
41564.54
42263.77
41219.77
40136.64
39117.86
37277.34
35279.34
33306.4
32204.05
31199.46
31209.68
31652.09
32064.46
33561.5
39580.92
43069.92
44523.67
45255.51
43843.82
42707.39
44305.43
43859.77
43141.27
42441.78
41230.38
41735.93
40975.14
39917.42
38881.97
37422.85
35218.68
33324.75
32103.48
31235.73
31122.52
31291.38
31301.64
31509.92
35500.09
38596.64
40108.78
41029.9
40070.82
39931.3
39571.08
38303.44
37437.81
36977.49
37834.46
39243.51
39084.76
38106.16
37195.63
35778.37
33485.88
31486.79
30179.51
29278.59
28882.98
29069.5
28338.7
27355.89
28403.6
30200.73
31922.9
32951.11
32962.36
33024.09
32609.87
31960.15
31451.46
31883.42
33152.64
35533.53
36199.94
35326.98
34585.01
33348.48
31390.32
29771.97
28516.16
27976.93
27908.71
28461.17
28960.65
31008.12
37340.63
41027.01
42100.88
42756.31
41095.28
41146.92
41370.13
40603.34
40122.53
39563.16
38687.74
39946.66
39540.51
38706.04
37815.36
36171.75
34038.8
32320.22
31233.57
30451.91
30416.93
30976.77
31248.44
32586.46
38414.21
41589.72
42686.11
43256.03
41529.96
41847.64
42450.32
41619.72
41216.53
40862.65
39830.27
40623.61
40236.82
39021.67
38112.41
36638.53
34405.21
32744.13
31505.7
30759.15
30550.43
31005.28
31157.54
32558.23
38285.39
41541.13
42646.28
43229.39
41762.2
42302.95
42897.01
42227.32
41617.87
40881.03
39739.23
40692.93
40270.93
39139.6
38208.29
36290.77
34120.29
32555.01
31329.39
30499.29
30567.57
30996.12
30886.51
32689.02
38480.3
41804.35
42696.11
43521.7
42060.67
42603.48
43077.71
42184.63
41557.5
40730.37
39879.49
40903.89
40377.4
39178.4
38447.82
36696.89
34484.89
32758.99
31514.91
30709.34
30789.85
31105.49
31331.67
32699.74
38348.3
41557.2
42710.23
43526.32
41777.54
40588.94
41773.5
41000.64
40470.12
39699.38
38705.78
39734.36
39651.45
38825.38
37949.27
36354.63
34346.93
32502.23
31258.87
30531.11
30099.33
30550.7
29920.26
30061.15
33217.58
35603.69
37132.73
37989.35
37098.69
37526.03
37383.36
36392.6
35605.99
35291.96
35463.98
37340.1
37805.79
36671.33
35737.99
34262.51
32429.01
30426.8
29178.17
28366.55
27981.6
28067.04
27190.78
26617.32
27641.41
29181.28
31032.92
32369.37
32354.58
32979.01
32918.69
32538.72
32384.22
32574.72
33231.8
35378.92
35747.58
34571.08
33930.27
32753.63
30985.6
29614.23
28624.35
28077.07
27969.52
28307.17
28902.27
30763.88
37191.04
40727.8
42226.32
43242.92
41933.36
42315.7
43045.08
42444.91
41960.16
41058.51
40330.96
40440.59
40131.96
38982.33
38311.51
36242.79
34096.58
32492.75
31562.61
30800.96
30440.85
30774.46
30748.5
32334.64
37790.34
40859.67
41738.76
42386.19
40673.48
40940.33
41363.51
40447.43
39753.06
39056.62
38522.77
39127.02
39409.89
38484.43
37546.65
35769.45
33893.08
32177.07
31052.63
30278.33
30218.3
30497.52
30436.36
31840.13
36948.34
39818.12
40539.37
41064.32
39486.7
39454.43
40073.64
39326.49
38754.67
38029.43
37332.32
38256.88
38849.36
37968.97
36930.21
35456.91
33550.22
31978.01
30933.1
30232.97
30044.88
30424.25
30349.17
32025.32
37444.7
40531.19
41706.36
42610.99
41132.83
41571.27
42227.68
41562.5
41086.78
40377.32
39336.78
39981.11
39804.15
38767.82
37921.18
36243.31
34235.63
32413.15
31459.68
30716.62
30627.57
30875.9
30712.55
32431.04
38001.24
41522.58
42423
43072.19
41575.54
41077.81
42610.71
41739.19
41117.82
40248.97
39236.21
39739.65
40017.69
39007.53
38151.04
36546.71
34565.79
32825.58
31652.59
30851.14
30709.92
30826.98
29972.32
30524.48
34022.87
36626.36
38279.2
39289.46
38791.95
39163.67
39259.26
38354.5
37364.84
36831.25
36688.45
38294.65
38978
37940.76
37005.42
35458.19
33361.09
31506.54
30188.82
29325.04
28954.08
29020.54
27737.29
27153.17
28514.81
30490.74
32398.29
33934.54
34333.51
34794.45
34854.64
34301.63
33977.06
34120.57
34481.42
36382.64
37397.09
36407.01
35708.27
34171.57
32358.64
30678.25
29479.29
29031.89
28816.06
29183.03
29229.98
31591.63
38199.98
42049.21
43352.5
44139.79
42543.05
42717.83
43086.6
42289.09
41793.62
40888.93
39667.1
40741.82
41318.85
40586.21
39765.28
38037.77
35914.22
34352.7
33923.68
34334.84
33863.97
32780.01
30996.2
32004.58
36887.41
39852.74
41018.49
42032.82
41002.45
41743.1
42195.96
41587.11
41229.04
40519.91
40203.93
39706.08
39536.61
39353.14
38462.73
36814.4
35006.25
33546.28
33191.35
33741.07
33292.42
32200.46
30475.49
31537.01
36135.67
39251.84
40547.67
41314.61
40140.25
40425.3
40732.46
40091.25
39752.62
38919.83
38398.55
38665.8
39240.53
38987.69
38165.89
36557.21
34777.8
33558.02
33141.94
33375.21
33082.7
32047.28
30327.7
31150.3
35717.04
38533.19
39818.56
40582.56
39536
39923.87
40572.47
39814.83
39296.78
38705.79
38069.03
38375.86
38794.86
38704.5
37859.86
36571.46
34860.89
33290.41
32904.5
33192.44
32857.19
31942.63
30032.12
31039.89
35628.27
38457.84
39907.32
40816.23
39673.94
38955.41
40287.3
39744.98
39134.46
38229.6
37636.81
37838.87
38228.58
38072.22
37361.52
36076.94
34190.98
32956.39
32403.81
32350
32053.2
31122.68
29087.18
28930.05
31295.83
33684.62
35243.16
36636.23
36435.32
37216.36
37471.21
36766.66
36053
35860.63
36814.88
37006
36877.5
36615.58
35630.85
34210.38
32759.19
31304.65
30726.34
30695.15
30053.78
28739.92
26579.8
25767.51
26787.44
28507.79
29813.71
31007.78
31776.37
32602.35
32570.6
32620.31
32618.76
32772.43
34216.32
34763.73
34643.12
34493.96
33666.11
32438.07
31516.5
30425.51
29850.34
30097.5
29587.05
28520.4
27299.78
29202.55
34462.57
37988.47
39994.28
41241.74
40230.02
40967.06
41554.63
40934.9
40553.43
39499.67
38275
37813.23
37685.04
37751.61
37061.2
35973.38
34399.35
33033.15
32463.88
32411.36
31964.3
30818.23
29023.68
30270.55
35181.98
38152.73
39629.88
40410.11
39465.29
40070.21
40554.49
40091.14
39345.94
38261.52
37490.19
37536.29
37729.03
37939.28
37374.51
36307.86
34718.3
33347.26
32617.35
32479.49
32063.65
31007.5
29443.54
30755.67
35477.23
38177.71
39480.35
40279.75
39235.34
39777.46
40208.45
39692.95
38838.58
37793.88
37392.57
37649.21
37728.74
37982.89
37552.7
36267.8
34671.21
33319.25
32701.26
32502.97
32038.67
30905.7
29554.17
30718.98
35458.44
38336.77
39777.92
39873.71
39325.13
39453.2
40031.54
39292.18
38662.56
37697.48
37160.48
37468.57
37526.84
37878.5
37247.78
35782.06
34216.56
32698.52
32082.81
31868.83
31435.99
29742.1
27733.11
27906.2
30214.39
32614
33926.42
34968.22
34419.26
34539.89
35431.33
35195.22
34789.6
34659.94
35178.57
35758.01
35698.85
35722.9
35047.44
33890.86
32598.21
31123.62
30856.66
30647.41
30046.35
28411.2
26587.35
27075.02
29971.98
32244.35
33854.33
34854.47
34817.43
35149.39
35634.46
35119.87
34814.06
34541.11
35364.51
35810.65
35504.93
35357.75
34656.68
33436.52
32081.39
30866.58
30242.06
30042.45
29313.22
27516.42
25594.55
25511.69
26833.47
28576.85
29967.28
31110.64
31799.29
32533.32
32862.55
32747.34
32631.92
32860.88
33902.28
34739.88
34523.04
34564.19
33900.04
32902.64
31677.03
30679.71
30198.3
30184.72
29578.31
28112.31
27382.38
29055.47
34799.32
38435.38
39594
40705.01
39754.75
40171.48
40759.15
40031.13
39332.89
38209.25
37163.68
37708.44
37434.6
37955.33
37360.57
36305.66
34969.55
33496.13
32942.67
32604.56
32041.26
30606.57
29307.81
30890.39
35631.19
38365.75
39647.46
40537.02
39528.8
40007.23
40390.29
39692.63
38943.35
37937.91
37337.48
37634.16
37624.08
38175.5
37498.07
36252.54
34787.93
33481.51
32860.66
32472.79
31984.38
30366.58
29075.35
30637.42
35444.7
38530.18
39711.08
40503.89
39541.58
39848.76
40436.31
39779.04
39146.96
38182.89
37789.99
37912.05
37646.94
38050.31
37283.72
36199.11
34666.82
32962.26
32741.64
32268.24
31301.84
30535.81
29084.73
30516.85
35396.67
38247.14
39605.4
40211.49
39104.33
39439.32
40029.37
39360.77
38388.63
37473.66
36804.65
37259.15
37159.33
37463.41
36975.53
35804.16
34159.12
33077.01
32457.84
31921.9
31551.61
30111.25
28779.84
30090.93
33965.23
36532.08
37990.63
39044.52
38019.19
38057.08
39450.58
38965.47
37484.52
36496.14
36497.19
37178.79
36818.47
37251.94
36284.81
34857.95
32735.98
31753.88
31214.08
30686.68
29831.18
28126.18
26566.63
26820.35
28755.41
30578.18
32197.41
33394.81
33433.69
34150.08
34250.16
34125.63
33585.36
33118.03
33778.01
34771.84
34415.95
34306.44
33613.92
32519.17
31346.8
30307.81
29843.26
29445
28572.64
26872.58
25171.39
25510.31
27067.93
28553.03
30196.29
31486.79
31811.54
32497.15
32847.9
32771.18
32488.4
32577.79
33479.16
34466.29
34331.27
34264.15
33551.64
32911.82
31782.77
30756.14
30314.03
29939.27
29291.37
27773.57
26912.47
28784.19
33470.57
36401.13
38190.95
39157.68
38596.65
39500.21
40042.01
39819.24
39238.52
38168.56
37656.33
37889.65
37384.14
37657.41
37008.16
35793.01
34539.22
33480.58
33018.41
32211.94
31706.45
30219.46
28651.1
30226.98
34289.72
36797.86
38030.08
39399.22
38606.2
39334.58
40146.4
39842.1
39264.35
37815.51
36872.67
37120.21
36676.33
37171.52
36425.5
35425.26
34388.55
33244.06
32768.56
32168.75
31525.23
29889.35
28737.14
30441.04
34668.34
37173.82
38452.64
39383.53
38711.14
39509.37
40310.63
39722.33
39288.02
38211.15
37663.93
37973.91
37512.96
37969.09
37315.28
36285.37
34876.81
33778.14
33214.24
32452.96
31843.35
30175.57
28981.79
30539.86
34642.93
37240.49
38348.04
39493.08
38512.05
39247.49
40079.32
39597.12
38650.87
37441.98
36954.58
37406.56
36816.32
37479.52
37002.78
35895.49
34444.1
33021.13
32774
31949.84
31356.87
29852.29
28631.37
30042.7
33961.97
36648.35
37832.31
38818.74
37934.82
37861.92
39608.59
39388.62
38602.65
37853.3
37500.45
37629.85
36967.56
37448.4
36954.8
35804.71
34443.35
33496.38
32850.79
32196.37
31444.48
29607.97
28285.23
29068.8
32394.39
34475.49
35886.43
36674.3
36240.01
36908.92
37342.81
36946.19
36324.97
35841.99
36286.48
36916.24
36275.57
36609.62
35807.93
34419.94
33503.71
32186.28
31637.21
30845.3
29810.08
27790.98
26187.93
26443.2
28211.83
29748.77
30967.53
31811.65
32037.61
32744.42
33288.32
32970.65
32665.59
32721.21
33442.33
34464.96
34277.03
34544.8
33863.87
32775.12
31761.92
30888.03
30381.88
29621.87
28716.85
27026.48
26206.97
28085.64
31552.8
33938.53
35216.84
36428.73
36114.24
36842.63
37678.74
37424.82
36968.97
36349.71
36112.04
36774.09
36235.72
36945.72
36203.47
34905.81
33741.36
32535.04
31982.65
31175.45
30262.68
28486
27385.53
28288.79
32048.69
34322.51
35523.61
36792.04
36151.23
36785.61
37258.23
36820.5
36245.86
35450.66
35270.08
35940.13
35794.57
36174.35
35191.29
33928.81
32383.46
30956.98
30626.17
29852.67
28688.39
26472.65
24954.45
25103.44
26727.8
28257.26
29679.09
30613.81
30787.74
30901.76
31003.1
30400.38
29562.23
29751.94
30419.57
31416.06
31248.78
31486.85
30603.74
29478.19
28035.87
26086.94
24480.84
23330.35
23028.97
22497.55
22224.68
22976.24
23763.13
25131.76
25800.6
26022
25850.01
25927.16
25641.05
25314.27
25147.97
25235.55
25483.21
26528.95
28416.58
28276.95
27760.19
26839.16
25734.48
24276.98
23300.24
22673.13
22270.81
21577.85
20839.87
21692.96
23725.62
25713.22
27545.39
28663.34
28980.59
29093.3
28877.71
28378.8
28058.71
27787.51
27846.7
28466.73
30203.67
29883.27
29096.32
28126.87
26764.41
25554.27
24413.54
23826.96
23466.21
22488.15
21855.85
22718.49
25003.04
26767.99
28391.69
29579.61
29888.69
30299.93
30214.15
29719.91
29177.81
28980.27
29167.15
29575.05
31437
30876.81
30022.87
29007.7
27760.6
26460.86
25367.14
24640.14
24298.04
23238.41
22592.77
23648.93
25538.62
27460.42
29260.06
30392.22
30754.14
31283.44
31322.42
30928.94
30362.76
29976.33
30091.36
30811.28
32597.76
32172.66
31584.5
30543.36
29132.03
28057.93
27021.04
26299.51
26148.58
25455
25435.92
28199.73
34081.85
37350.45
38771.71
39671.65
38451.02
38855.89
39488.91
38876.74
38292.1
37479.86
36379.96
36410.06
37582.98
37261.38
36297.73
35015.38
33427.38
31861.37
30708.99
29989.63
29645.61
28893.51
28861.82
30931.43
35476.25
38822.97
40061.09
40954.82
39574.43
40002.24
40401.89
40068.44
39353.95
38403.55
37231.97
37171.1
38170.98
37693.53
36673.92
35177.79
33385.84
31756.7
30648.64
29659.56
29348.23
28631.22
28423.19
29744.95
33783.88
36615.26
38118.76
39055.7
38128.38
38391.87
38905.82
38216.8
37882.34
36994.3
36313.6
36357.91
37329.15
37160.77
36449.34
34855.36
33400.97
31873.21
30679.22
30055.55
29723.7
29135.4
28961.12
31245.67
36536.21
39572.48
40761.93
41733.32
40507.84
41272.31
41924.42
41275.06
40678.54
39554.89
38223.75
37924.19
38849.69
38454.98
37673.24
36173.26
34329.69
32681.22
31711.66
30899.08
30527.97
29779.3
29713.26
31696.03
36615.31
39245.27
40249.21
41031.53
39353.8
39038.02
40574.74
40027.15
39340.73
38303.34
36696.17
36280.23
36721.38
36650.82
36004.12
34813.62
33137.54
31677.13
30746.61
29943.7
29561.04
28852.21
28379.54
29413.18
32626.94
35133.11
36746.72
37734.35
36943.24
37536.16
37640.02
36824.3
36232.3
35521.24
34738.23
34875.55
36373.74
36044.66
35035.45
33710.7
31994.09
30613.2
29389.46
28461.74
28104.76
26966.04
26523.93
26707.56
28221.98
30072.1
31565.32
32768.42
33175.77
33488.53
33564.48
33044.28
32469.06
32183.49
32025.66
32567.23
34337.88
34371.49
33516.08
32638.93
31151.85
29705.05
28601.94
27937.56
27933.7
27088.38
27301.08
29783.82
35788.9
39000.47
40461.98
41282.69
39926.28
40432.42
41109.41
40237.38
39873.01
39305.79
38020.37
37860.09
38544.4
38373.76
37374.07
36052.33
34218.39
32760.18
31529.72
30722.53
30452.79
29651.23
29574.25
31648.62
36865.4
40026.34
41286.44
42125.99
40792.31
41404.69
42324.1
41715.28
41155.68
40253.11
38687.2
38217.41
39205.8
38843.56
37950.52
36056.14
34444.84
32796.19
31738.25
30811.43
30668.52
29758.1
29838.2
31144.23
36924.74
40275.2
41433.27
42235.79
40970.01
41600.24
42510.65
41882.32
41378.59
40343.46
38894.03
38273.11
39020.04
38783.4
37967.03
36439.5
34341.68
32761.79
31713.94
31012.22
30617.11
29780.48
29923.82
31928.93
37417.19
40247.68
40646.12
42412.62
41136.11
41871.79
42641.98
42135.02
41294.56
40354.59
38429.83
38100.73
38611.34
38451.65
37591.75
35835.84
33928.68
32626.99
31481.78
30701.68
30401.36
29657.26
29730.56
31743.9
36837.01
39932.23
41053.61
41753.34
39757.66
39586.99
41612.99
41181.55
40468.62
39378.33
37786.18
37223.49
37909.81
37653.93
36759.59
34492.96
33513.25
32118.57
31039.35
30288.85
29850.93
28914.4
28608.3
29795.33
33320.34
35996.02
37456.02
38439.84
37814.29
38220.53
38432.84
37615.01
36820.96
35943.1
35222.08
35039.11
36443.6
36277.28
35463.39
33883.22
32258.56
30534.43
29419.94
28576.21
28212.05
27176.74
26680.89
27192.41
28603.29
30487.72
32210.24
33390.09
33412.68
33879.09
33913.35
33456.43
32944.84
32447.11
32194.08
32493.02
34263.5
34375.65
33734.55
32582.56
30841.12
29744.18
28561.81
28009.1
27822.25
27056.32
27425.28
29973.23
35785.73
38861.93
40438.91
41343.17
39771.97
40541.54
41294.6
40900.24
39969.46
39211.95
37547.76
37039.82
37679.31
37439.9
36722.66
34912.65
33416.63
31938.32
30695.55
30171.12
29820.42
29163.04
29145.02
31140.31
36188.2
39118.05
40135.13
40706.49
39164.05
39616.93
40172.46
39625.32
38979.16
38252.35
36758.01
36592.44
37828.43
37322.65
36536.41
34930.24
33293.7
31832.3
30716.7
29917.36
29729.39
29048.42
29078.28
31068.84
36183.2
39074.41
40337.2
40367.37
39488.81
40045.97
40806.37
40152.55
39613.14
38741.79
37356.89
36822.69
38193.52
37743.44
36858.9
35492.56
33499.41
31897.56
30828.16
30202.67
29917.93
29135.03
29181.15
31268.65
36657.87
39287.66
40467.01
41411.51
39875.2
40479.86
41256.09
40704.3
40131.41
39343.59
37839.97
37533.77
38676.36
37993.61
36997.46
35762.34
33878.02
32088.05
31011.88
30243.99
29923.36
29085.21
29342.91
31643.47
36723.77
39726.63
40790.84
41480.76
39622.18
39321.74
41213.48
40658.83
39989.06
39081.53
37583.59
37038.39
38121.15
37868.11
37001.8
35520.88
33668.02
32341.92
31016.77
30216.03
29800.56
28798.48
28655.39
30136.04
34239.79
37039.92
38505.9
39380.78
38246.29
38513.93
38442.46
37503.18
36636.75
35923.3
35344.82
35436.12
36682.01
36452.34
35406.83
33949.07
31976.32
30218.43
28942.96
28334.03
27848.66
26993.17
26479.96
26983.4
28264.06
30074.46
31820.76
32521.2
32643.05
33210.96
33372.38
32872.93
32292.57
32028.58
31823.09
32102.31
33901.43
34328.83
33630.62
32236.67
30977.28
29616.8
28525.43
27873.79
27654.08
26988.18
27443.42
30224.24
36040.75
39313.12
40831.23
41788.32
40367.37
41019.97
42036.64
41385.35
40650.81
39962.19
38415.33
37639.75
38676.72
38314.11
37353.38
35768.9
34057.69
32498.49
31469.77
30726.48
30317.8
29474.82
29683.39
31959.25
37058.13
39939.56
41027.69
41927.64
40775.21
41509.96
42354.42
41681.59
40968.25
40087.94
37484.46
37820.13
38775.87
38394.64
37407.58
35890.61
33998.72
32424.7
31440.07
30739.88
30361
29646.54
29646.83
31915.52
37056.76
40339.67
41337.67
42250.54
41127.25
41631.43
42634.36
41813.69
41047.54
40000.76
38416.94
37588.46
38565.68
38313.68
37355.11
35938.37
34004.61
32515.24
31455.15
30849.23
30507.57
29487.39
29716.44
31865.8
37202.96
40221.13
41491.91
42370.02
41000.44
41586.72
42593.18
41788.27
41357.4
40195.45
38429.85
37652.39
38203.86
38403.03
37441.82
35849.46
34035.06
32394.48
31250.48
30527.43
30284.34
29303.33
29631.75
31860.26
36952.15
39739.83
41214.37
42015.57
40191.11
40039.73
41995.14
41614.68
40972.15
39861.33
38149.46
37413.84
38254.7
37939.82
36912.49
35838.4
33847.13
32217.18
31116.32
30443.67
30097.46
29165.23
28837.15
30460
34669.41
37500.36
39174.81
39834
38877.82
39094.07
39126.69
38316.5
37416.64
36487.21
35840.47
35541.13
36612.46
36399.58
35516.39
34031.38
32150.94
30487.4
29321.67
28681.34
28175.63
26952.88
26403.23
26834.54
28248.31
30245.44
32041.2
33203.46
33369.14
33740.97
33935.54
33574.08
33190.87
32399.6
32409.52
32690.33
34127.96
34691.51
33869.41
32675.01
31437.72
30051.65
28968.54
28360.26
28036.29
27113.41
27504.61
30076.95
35974.09
39206.03
40544.39
41394.52
39922.47
40480.14
41391.57
40757.44
40052.44
39251.28
37640.92
36970.29
37966.63
37649.58
36639.25
35492.83
33481.34
32128.01
30971.63
30246.28
30040.59
29267.54
29405.54
31557.18
36486.79
39311.82
40451.52
41255.71
40025.87
40435.31
41401.39
40819.92
40284.63
39368.17
37913.7
37315.16
38296.87
38183.69
37378.82
36002.38
33903.47
32631.63
31390.64
30661.56
30266.76
29472.13
29596.9
31699.84
36905.1
39647.15
40910.01
41790.34
40274.02
40909.66
41535.95
40866.71
40108.55
39241.77
37671.69
37069.44
38123.77
37921.06
36877.82
35542.5
33673.05
32094.68
31170.31
30361.58
30224.23
29356.27
29635.42
31777.42
36955.5
40031.22
41240.17
42009.59
40559.85
41056.1
42067.42
41453.7
40809.92
39871.2
38319.7
37812.59
38893.63
38755.78
37715.93
35924.25
34377.32
32886.97
31820.38
31016.33
30705.26
29758.5
30082.01
32240.14
37525.64
40566.41
42011.46
42900.07
41110.42
40821.79
42823.62
42272.95
41622.41
40558.44
38841.5
38151.8
39123.36
38991.23
38098.29
36581.08
34282.66
33068.75
31846.31
31173.81
30765.09
29622.17
29584.79
31180.76
35104.3
38364.87
39796.79
40700.58
39801.66
40116.77
40327.72
39596.21
38812.69
37811.16
37128.3
36932.88
37930.03
37978.22
37003.95
35291.71
33348.98
31895.84
30511.99
29685.72
28929.06
28243.02
27500.29
28115.04
29429.33
31767.93
33576.72
34611.78
34863.59
35393.73
35494.43
35074.57
34445.53
33768.37
33434.24
33549.73
34989.86
35653.84
35103.23
34054.76
32597.8
31072.35
30068.63
29338.47
29082.23
28133.64
28547.61
31449.32
37331.85
40671.58
42124.53
43243.56
41798.67
42790.07
43582.47
43204.92
42530.53
41573.3
39676.28
38931.29
39880.32
39769.27
38901.32
37478.56
35284.04
33772.41
32721.84
31811.42
31243.1
30334.89
30644.02
33039.98
38220.44
41204.45
42671.66
43840.4
42548.32
43339.36
44199.52
43618.26
43060.64
41903.54
40161.55
39433.09
40374.96
40110.35
39375.05
37786.33
35747.68
34153.77
32971.6
32110.12
31683.37
30620.62
30682.63
33022.83
38658.77
41542.3
43310.27
44643.15
43361.28
43858.92
44760.41
44174.56
43465.15
42361.8
40425.6
39501.19
40433.36
40409.11
39636.11
38178.36
36158.74
34487.33
33458.46
32589.68
32157.19
31098.12
31339.42
33698.14
39210.41
42873.72
44435.69
45849.25
44297.55
45215.11
46094.66
45483.08
44797.27
43590
41498.54
40762.2
41794.98
41467.3
40656.07
39076.68
37180.31
35396.83
34146.44
33071.33
32660.45
31669.18
31871.56
34418.62
40189.7
43724.7
45327.24
46550.99
45039.8
45029.56
47047.27
46596.68
45703.86
44471.33
42472.45
41554.63
42288.86
42256.58
41470.12
39747.31
37753.24
35957.72
34519.19
33673.39
32931.34
31938.64
31860.87
34066.02
38431.85
41474.4
43245.53
44382.84
43498.35
44043.83
44317.49
43449.94
42171.17
41082.69
40074.04
39908.36
40807.34
40804.84
39928.46
38250.24
35974.22
34427.29
33026.77
32154
31405.86
30053.51
29515.69
30364.54
32277.61
34378.01
36394.41
37742.43
37982.46
38979.85
39454.66
38836.83
38787.58
37930.78
37306.83
37293.05
38548.2
39404.4
39124.87
37774.64
35953.85
34225.77
33061.23
32250.41
31866.34
30930.24
31158.82
34461.15
41195.53
45125.23
47099.3
48452.77
47336.4
48212.76
49418.68
49107.25
48187.79
46747.49
44500.51
43495.96
44352.16
44121.87
43207.76
41796.23
39758.84
37819.16
36238.28
35341.75
34747.39
33539.26
33578.79
36298.25
42549.54
46129.74
47460.16
48454.2
47653.47
48717.86
49837.79
49444.31
48716.68
47216.42
44942.26
44119.95
44673.74
44639.39
43917.47
42390.03
40179.41
38184.47
36716.77
35890.81
35290.75
34019.97
34133.32
36808.01
42866.25
46604.2
48391.66
49336.28
48691.76
49699.17
50843.91
50363.27
49597.42
48091.19
45754.93
44882.29
45538.94
45424.75
44612.03
42736.71
40643.35
38707.9
37213.19
35958.23
35090.52
34064.66
34427.92
37342.99
43378.23
47134.65
49192
50544.63
49153.19
50205.65
51603.42
51200.78
50400.85
48486.34
46012.18
45386.24
46199.95
46399.3
45290.24
43622.1
41366.29
39407.22
38194.43
37045.68
36405.62
34992.61
34833.12
37690.47
43926.92
47676.96
49667.47
50838.24
49233.3
49270.6
51527.83
51215.75
50440.01
48401.77
46143.23
44796.14
45390.97
45292.58
44625.63
43142.58
41085.42
39349.26
37887.32
36755.29
36119.72
34722.05
34691.46
36316.13
40928.44
44175.92
45840.43
46861.95
45854.84
46409.18
46506.58
45381.98
44265.74
42693.87
41386.49
41182.3
42007.48
42252.43
41191.64
39867.37
37605.36
35958.3
34543.53
33626.61
32959.07
31357.72
30959.56
31826.47
33452.89
35246.26
37063.26
38357.31
38513.32
39155.7
38935.71
38032.14
37878.73
37286.9
36998.6
37367.89
38766.39
39114.79
38602.88
37721.01
36106.74
34812.77
33592.87
32794.67
32326.65
31244.13
31468.35
34559.8
41017.35
44859.84
46588.15
47938.89
46922.34
47701.25
48621.36
48080.47
47637.53
45940.81
43673.2
42987.82
43864.85
44010
42968.02
41325.18
39085.45
37711.81
36308.32
35339.17
34865.07
33673.57
33644.6
36149.92
41720.71
44823.95
46174.75
47295.51
46169.84
47086.22
47910.73
47537.92
46748.61
45221.89
43475.13
42954.65
43905.95
43846.64
43037.53
41424.5
39371.66
37815.31
35910.18
35848.23
34991.84
33891.59
33915.44
36445.52
42227.63
45547.99
47187.05
48255.09
47251.07
48148.02
49485.14
49064.02
47824.31
46373.99
44888.07
43966.02
44794.9
44966.08
44090.14
42513.57
40385.55
38429.23
37084.04
36129.19
35569.4
34547.42
34402.49
36914.33
43026.88
46459.8
48025.95
49278.01
48128.06
49064.04
50122.5
49590.45
48937.57
47328.75
45139.57
44260.09
45229.75
45331.44
44143.43
42364.91
40543.4
38799.95
37134.89
36367.58
35697.48
34628.7
34610.21
37056.06
43051.35
46270.08
48242.27
49515.56
48109.64
47899.22
50133.11
49684.96
49148.27
47663.54
45617.88
44554.87
45379.5
45442.7
44192.7
42637.08
40504.8
38786.52
37470.12
36355
35797.58
34514.95
34182.82
36343.09
40671.72
43075.18
46094.12
47017.83
46150.91
46830.73
47490.92
46621.99
45687.13
44500.13
43581.25
43129.98
44145.23
44359.08
43225.97
41242.74
39233.79
37644.11
36065.27
35055.72
34320.39
32786.44
32078.68
33396.52
35616.14
37564.9
39588.82
40550.4
40777.15
41668.29
41972.64
41937.02
41081.58
40662.06
40408.46
40433.91
41788.99
42247.48
41546.31
40483.27
38875.61
36763.54
35325.28
34335.66
33943.92
32722.24
32754.51
35995.46
42892.47
46544.84
48392.18
49794.41
48731.44
50009.09
51195.21
50879.89
50238.09
48551.01
46310.06
45566.02
46070.38
46399.1
45121.48
43523.11
41290.21
39434.35
37903.85
36977.57
36246.45
35010.47
34993.77
37829.24
44074.88
47437.96
49196.51
50638.97
49280.08
50456.87
51629.24
50434.02
50598.67
48865.25
46827.02
45734.7
46557
46882.68
45595.95
43903.64
41692.52
39902.77
38152.06
37258.74
36652.33
35425
35265.1
37896.56
43915.8
47560.83
49079.18
50144.78
48876.25
50229.16
51324.34
50885.39
49958.38
48417.9
46230.65
45398.27
46320.49
46308.04
45200.59
43386.51
41169.35
39259.68
37743.56
36610.3
36006.44
34739.41
34280.85
36309.1
41157.09
44694.18
46578.25
47970.76
47335.74
48063.19
48872.54
48344.79
47742.36
46343.5
44861.33
43904.31
44534.22
44582.43
44004.3
42704.43
40948.67
38903.14
37455.51
36516.78
35937.25
34863.82
34700.17
37045.99
43055.78
46789.09
48477.32
49662.01
48549.59
48495.93
50268.23
50182.26
49368.56
47797.14
46022.52
45445.51
46255.76
46341
45407.31
43529.9
41467.48
39953.66
38274.22
37096.12
36396.97
34986.42
34686.6
36515.15
40429.24
43732.35
45483.63
47001.92
46466.12
47119.38
47321.73
46907.03
45942.37
44902.11
44195.52
43327.93
44480.5
44704.6
43402.12
42006.04
39692.56
38221.14
36714.73
35557.43
34817.71
33395.65
32695.92
33940.29
35939.09
38600.89
40841.35
42132.72
42296.31
43062.93
43221.97
42786.32
42140.33
41512.36
40956.57
40427.58
41881.38
42309.51
41397.8
40009.15
38272.17
36357.75
34739
33527.28
32539.34
31156.93
30561.09
31758.19
34080.14
36654.42
38722.21
39758.25
39929.25
39884.3
39670.53
39317.66
38525.24
38018.42
37498.63
37248.44
38621.95
38838.48
38040.05
36312.43
34314.93
32097.04
30370.34
29218.33
28550.19
27699.67
27314.36
27927
29061.19
30014.64
31185.38
31713.45
32259.71
32844.96
33075.1
33005.12
32983.14
32835.12
32941.44
33118.17
34883.13
35414.77
34771.48
33916.75
32513.03
31069.73
29784.75
28781.94
28055.47
26906.34
26412.72
27588.76
29681.72
31680.12
33825.59
34932.57
35354.37
35614.22
35521.42
35268.42
35103.31
34606.33
34556.3
34868.46
36300.56
36479.48
35819.17
34917.6
33653.67
32182
30638.23
29613.2
29123.96
28072.03
27285.61
28367.73
30787.15
33150.08
34933.77
35876.4
36377.46
36519.25
36627.33
36276.51
35869.96
35454.81
35071.27
35260.58
36737.77
36918.18
36057.65
35076.61
33738.71
32158.07
30855.13
29867.18
29339.18
28298.65
27742.74
29340.99
31213.7
33680.02
35629.92
36891.38
37033.38
37207.64
37271.87
37049.78
36824.67
36163.5
36229.52
36178.44
37545.15
37587.62
36710.76
35547.83
34230.01
32905.62
31617.01
30709.8
30242.48
29159.1
28607.22
30446.6
33061.48
35723.39
37967
39211.01
39009.13
39860.11
39913.97
39761.97
39280.21
38518.55
38080.74
37927.14
39543.61
39558.15
38570.77
37427.47
35986.7
34313.12
32866.96
31945.57
31631.9
30783.48
29856.95
31240.95
32770.98
35060.21
37178.38
38587.16
38768.8
39631.34
39765.87
39510.65
38939.22
38649.87
38287.17
38321.38
40215.88
40258.5
39347.93
38423.31
36666.73
35360.3
34242.1
33584.92
33077.42
32577.03
32167.05
35277.85
41613.34
45245.13
47301.17
48635.8
47949.49
49059.25
49994.79
49741.19
49276.37
47683.37
45486.49
44550.39
45614.02
45613.39
44667.33
42981.17
41282.99
39637.42
38384.61
37421.92
36791.54
35895.89
35343.31
37818.37
43215.45
46881.49
48676.09
50184.9
48464.34
50238.66
51318.71
50828.37
50293.11
48695.68
46420.96
45641.42
46901.15
46561.5
45442.04
43915.52
42060.47
40356.82
38950.46
37951.39
37349.07
36212.35
35547.59
37855.26
43576.03
47199.53
48985.64
50358.67
49612.74
50624.98
51675.56
51091.38
50372.06
48985.68
46873.42
46014.72
47337.17
46967.96
45866.89
44274.43
42117.29
40570.59
38709.12
37681.08
37046.54
36424.52
35727.26
38210.99
43970.65
47446.57
49212.52
50754.58
50260.93
51575
52582.58
52365.33
51521.89
49999.08
47229.84
46651.69
47752.9
47395.53
46191.56
44439.64
42813.22
41041.19
39637.55
38734.74
37789.11
36741.77
36201.17
38536.42
44124.9
47702.17
49522.33
51397.64
50563.33
50827.63
53075.29
53032.34
52043.81
50441.78
47921.84
46947.61
47859.26
47735.08
46465.36
44896.03
43052.48
41090.49
39970.69
38765.51
38095.28
37272.31
36173.93
37910.99
42317.15
45735.46
47691.37
49149.3
48845.68
49736.13
50030.32
49307.78
48358.59
47083.61
45906.15
45335.75
46310.98
45999.08
45225.36
43258.19
41610.73
39764.53
38640.13
37498.28
36437.99
35670.68
34735.45
35271.21
36641.78
39256.32
41242.58
42907.07
43122.23
44162.57
44251.05
44312.18
43699.33
42842.61
42209.01
42319.02
43441.27
43482.95
42792.33
41408.91
40981.98
39455.43
37683.32
36895.09
36286.78
35691.35
35268.79
38155.29
42777.24
44074.75
45957.81
48210.64
51188.48
52893.28
54149.36
53989.83
52938.68
51867.82
49238.83
48132.03
49118.76
48765.5
47643.4
45716.22
44288.28
42520.8
41000.25
40028.61
39334.51
38616.93
37632.02
40159.97
45904.63
50141.01
52187.63
53655.68
52872.07
54457.8
54705.4
54979.71
54187.03
52634.25
49562.24
48482.81
49793.74
49385.87
48222.94
46484.96
44967.89
43224.66
41679.07
40516.77
39973.89
39295.12
38532.85
40926.98
46617.27
50709.6
52712.8
54392.44
53322.41
54651.29
55993.81
55575.55
54638.14
52859.1
49897.25
49066.39
49814.78
49428.88
47910.91
46612.75
45003.09
43116.05
41740.43
40572.46
39962.53
39195.3
38223.17
40527.57
46124.39
50454.98
52487.84
54249.4
53774.41
54658.03
55494.07
54904.83
54225.63
52277.08
49462.96
48627.19
50082.51
49476.54
48241.72
46477.74
45019.31
43131.04
41536.81
40545.48
39602.36
38700.06
37873.21
39752.75
46236.42
50579.25
52320.77
54086.83
52897.32
52434.54
53976.23
53119.96
52387.22
51037.65
48319
47349.84
48341.55
47908.85
47063.87
45339.45
43929.75
42192.63
40732.84
39581.9
38912.73
37814.3
36901.9
38336.11
42280.23
45953.94
47765.3
48852.94
47983.92
48248.61
47837.29
46998.21
45927.71
44433.45
43429.28
43205.01
44339.26
43825.18
42666.57
41038.04
39121.02
37669.04
36490.27
35469.19
34427.64
33536.05
32654.2
33263.44
34656.31
36849.3
38982.57
39772.02
40307.37
41156.43
41198
41151.79
40665
40128.06
39837.7
39986.58
41528.19
41097.58
40635.43
39480.51
38147.6
37031.36
35726.28
34977.17
34400.3
33861.18
33142.76
35735.37
42470.76
46513.92
48508.28
50107.88
48948.87
50136.89
51142.36
50506.75
50060.12
48521.59
46124.38
45531.84
46416.43
45564.15
44587.34
42911.01
41483.11
39937.75
38538.49
37537.92
36930.88
36282.47
35672.6
37661.27
43382.4
47015.59
48652.92
50140.79
49289.37
50367.23
51334.7
50732.91
50028
48588.28
46107.36
45260.23
46547.64
45893.77
44670.9
43100.41
41939.26
40287.7
39036.87
37991.22
37251.64
36792.75
35903.83
38094.85
43720.57
47758.89
49270.87
50702.16
49754.84
50680.92
51834.3
51292.37
50597.14
49172.72
46587.46
45940.82
47041.33
46206.51
45218.76
43570.74
42078.23
40476.79
39038.66
37982.9
37368.91
36825.27
35947.11
38197.1
43997.41
47660.14
49430.81
50603.46
49600.55
50561.53
51687.5
51491.99
50480.87
48994.47
46131.36
45932.91
46751.23
46203.83
45108.26
43623.71
41804.52
40071.51
38961.21
37737.34
37027.55
36469.4
35788.33
38032.61
43695.88
47339.66
48803.54
49907.04
48751.35
48224.9
50165.88
49915.83
49059.32
47703.81
45237.98
44687.73
45791.93
45084.14
43881.95
42198.7
40644.97
38988.75
37649.67
36836.79
36045.67
35605.35
34512.62
36207.13
40179.84
43336.98
44945.49
46115.84
45321.02
46026.37
46399.18
45450.34
44949.53
43932.69
42735.28
42739.66
43860.95
43081.92
42028.57
40457.81
38595.52
37286.76
35884.76
35016.4
34244.02
33597.25
32130.89
32475.73
34056.59
36281.62
38266.92
39454.99
39434.16
40304.36
40614.1
40597.48
39863.27
39554.05
39490.6
40080.71
41341.02
40852
40144.65
39018.6
38090.52
36598.37
35487.29
34668.42
34112.37
33630.04
32798.72
35627.22
42020.16
46102.38
47549.64
48953.84
47713.32
49074.25
50300.55
49597.76
49131.69
47882.39
45553.96
45298.85
46145.14
45531.49
44144.84
42580.41
40974.47
39515.38
38245.39
36970.9
36337.17
35832.12
35180.93
37247.74
42752.61
46388.5
47932.75
49270.34
48569.21
49581.08
50801.84
50595.17
49857.1
48421.64
46170.99
45510.38
46621.43
45654.49
44380.08
42851.82
40973.46
39433.89
38316.59
37200.61
36088.6
35654.35
35444.15
37597.29
43159.41
46962.11
48572.91
50000.49
49028.46
49866.64
51166.34
50751.5
49995.04
48688.61
46495.99
46339.81
46977.51
45832.65
44751.09
43342.27
41380.02
39887.33
38622.37
37554.2
36989.88
36629.19
36006.04
37905.08
43304.57
47094.9
48862.48
49763.92
48958.48
49649.66
51098.71
50644.76
49891.11
48546.74
46364.07
46073
47243.67
45869.08
44820.36
43219.42
41326.38
39455.72
38376.93
37409.8
36645.64
36376.41
35541.35
37725.24
43568.39
47136.96
48565.76
49580.78
48058.55
47801.02
49685.59
49786.58
49177.6
47715.62
45100.65
44540.94
45406.36
44640.58
43156.26
42378.48
40676.93
39343.57
37939.53
36809.41
36340.19
35809.61
34730.53
35996.26
40371.78
43662.89
45300.21
46352.42
45827.47
46560.68
46833.48
46193.63
45230.48
44282.72
43595.01
43913.23
44818.35
43703.31
42514.97
40779.25
39163.52
37297.32
36309.32
35312
34697.93
34009.64
32265.87
32640.79
34200.08
36456.67
38306.45
39841
40045.25
40699.83
41071.08
40621.31
40194.13
39897.14
39435.8
40420.54
41625.74
41121.87
40311.49
39098.08
38013.07
36591.64
35309.29
34391.01
34023.63
33803.14
33245.2
35958.12
42216.97
46154.59
47923.2
49324.75
48454.3
49532.03
50853.27
50502.03
49617.6
48226.69
46015.32
46008.82
47004.39
46032.83
44591.93
43071.86
41134.22
39641.74
37954.54
37052.58
36351.89
36198.35
35627.08
37738.35
43109.37
46671.19
48257.65
49861.89
48836.08
49748.24
50734.24
50237.24
49807.07
48367.22
46309.81
46184.63
47035.93
45813.27
44492.81
42902.25
41424.57
39723.57
38464.82
37398.27
36702.66
36502.09
35757.36
37869.46
43775.15
46977.59
48607.99
50014.84
48880.74
49945.31
51078.79
50757.68
50198.97
48676.98
46297.86
46328.45
47216.89
46129.42
44650.92
43119.62
41280.29
39745.26
38459.84
37469.8
36851.68
35633.35
35681.94
37933.49
43559.6
46963.71
48737.87
49953
49269.15
49880.1
51207.45
50930.63
50155.39
48822.55
46620.77
46783.21
47374.37
46066.09
44732.09
43012.93
40972.51
39168.33
38083.6
37427.76
36657.92
36537.78
35729.26
37759.01
43632.96
47112.88
48932.52
50107.51
49016.2
49173.84
51484.38
51218.68
50696.14
49027.09
46595.37
46475.15
46883.18
45698.65
44473.46
43006.59
41113.74
39703.62
38437.05
37386.69
36658.75
36244.21
35098.62
36144.48
40874.65
44382.71
46172.58
47515.69
47105.86
47709.97
47878.12
47111.36
46177.78
45130.77
44193.35
44731.03
45302.12
44194.39
42853.08
41201.7
39286.35
37782.42
36528.3
35463.29
34754.71
34151.09
32929.78
33091.64
34834.24
37130.77
39218.73
40517.56
40986.18
41413.2
41831.74
41347.08
40998.77
40492.6
40052.55
40958.27
41831.69
41003.05
39840.97
38230.6
37202
35919.85
34919.32
33664.22
33142.27
32783.07
32014.3
33532.82
38047.94
41536.94
43691.5
45027.85
44659.21
45432.51
45998.14
45691.5
44985.42
44071.64
42733.35
43287.51
43678.67
42730.82
41679.32
40265.71
39014.26
37655.74
36593.4
35649.88
34996.72
34471
34182.54
36372.65
42500.66
46514.41
48167.51
49487.27
48431.59
49176.43
50395.52
50074.28
49366.39
47794.06
45631.15
45835.69
46012.37
44689.28
43791.04
41980.8
40400.74
38803.55
37443.36
36791.67
36380.92
36223.93
35433.65
37134.06
43069.55
46430.74
47771.96
48870.99
47862.29
48870.92
50057.35
49582.18
48625.27
47221.7
45138.87
45098.68
45458.19
44321.95
43199.23
41480.77
39575.97
37932.15
36836.12
35900.41
35396.39
35210.07
34658.26
36449.86
42366.69
45627.27
46996.35
47797.88
46392.88
46992.52
46950.09
47771.59
47283.43
46076.11
44420.08
44548.19
44768.35
43597.22
42234.78
40444.47
38052.14
37043.78
35945.18
35320.07
34620.05
34350.03
33908.16
35566.53
41156.32
43989.52
45348.5
46355.11
44700.09
44538.8
46510.81
46209.02
45906.92
44722.02
43242.71
43830.15
43976.2
42642.34
41420.46
39747
37814.62
36355.81
34852.5
34233.21
33707.53
33593.17
32851.84
33718.71
37945.04
41027.74
42732.15
43904.18
42972.48
43393.86
43437.47
42978.78
42106.52
41468.12
40881.26
42006.72
42050.2
40740.54
39587.66
37774.49
35786.18
34372.62
33249.36
32376.21
31865.77
31593.07
30406.55
30522.74
32305.09
34520.47
36297.72
37284.38
37304.93
37634.89
37822.16
37402.03
37280.74
37168.14
37358.66
39169.54
39667.92
38812.25
37747.97
36137.8
34520.73
33153.78
32330.39
31693.39
31523.93
31715.57
31695.38
33889.73
40016.92
43483.57
45030.25
45781.64
44502.13
45496.96
46307.83
46077.1
45756.66
44470.16
42866.78
43699.34
43634.6
42502.02
41180.39
39234.63
37397.32
35912.81
34818.93
34056.36
33734.81
33744.19
33479.22
35633.32
40869.68
43877.95
44901.35
45860.8
44176.52
44817.64
45782.82
45373.24
45259.14
44292.04
42665.86
43665.73
43614
42158.58
41244.64
39263.34
37185.13
35969.43
34847.9
34300.12
33796.23
33793.92
33487.59
35759.38
40762.91
44108.99
44917.84
45991.16
44483.73
45169.36
46148.17
45846.76
45464.57
44349.23
43110.32
43840.38
43883
42536.47
41222.86
38968.31
36947.04
35952.47
34768.86
34306.6
33852.88
34025.38
33621.84
35616.62
41137.01
43822.28
44883.11
45932.98
44309.07
45156.3
46245.02
45972.83
45573.89
44721.75
43406.26
43984.91
43779.06
42460.67
41076.17
39031.33
37347.31
35981.76
34958.75
34161.98
34016.99
33827.48
33500.09
35405.31
40244.42
43281.28
44315.4
44850.99
43308.87
43018.89
44762.15
44565.2
44477.22
43318.76
41926.65
42744.01
42441.2
40976.97
39955.63
38094.09
36300.49
35147.44
33945.41
33126.6
32540.12
32524.1
31979.07
32833.87
37031.76
40179.95
41937.02
42743.15
41862.62
42295.58
42380.55
41604.09
40954.64
40180.93
39802.37
41118.2
40685.33
39642.59
38355.94
36668.31
34690.66
33289.48
32026.88
31232.16
30900.53
30583.02
29228.92
29250.79
30869.39
33526.51
35495.81
36515.74
36322.41
36789.97
36941.58
36482.44
36218.44
36028.94
36515.84
38040.54
38373.61
37218.84
36270.42
34666.55
33272.37
31998.48
31251.45
30581.17
30311.48
30531.39
30670.94
32951.65
38830.51
42182.8
43258.12
44283.18
43075.79
43967.69
44679.29
44377.78
44068.91
43242.47
42164.66
42909.32
42338.03
41063.51
39748.73
37923.44
35892.34
34372.8
33599.39
33026.97
32721.66
32772.47
32597.8
34513.37
39623.05
42382.75
43454.43
44328.52
42798.9
43488.21
44421.92
43998.4
43577.55
42746.24
41466.84
42304.57
41599.43
40414.96
38813.06
36997.72
35555.12
34245.81
33191.58
32640.82
32313.79
32539.5
32481.87
34172.97
39128.52
41773.3
43009.64
43722.34
42274.24
42829.82
43853.08
43495.34
43009.62
42249.1
40955.29
41802.87
41059.4
39855.01
38380.17
36446.39
34717.78
33550.24
32676.5
31926.3
31546.97
31905.66
31951.55
33626.09
38596.62
41506.69
42613.6
43318.15
41513.11
42545.44
43489.04
43010.82
42795.26
41849.58
40822.1
41520.25
41465.66
40195.81
38695.27
36394.35
34459.12
33090.5
32169.88
31387.23
31101.25
31277.38
31313.06
33000.28
38260.52
40910.69
41989.5
42714.78
40840.36
40474.98
42930.58
42457.13
42018.82
41297.2
40309.96
41036.93
40319.9
38925.3
37748.29
35968.99
34149.45
33047.39
31960.56
31264.46
30923.95
30993.52
30769.4
31587.28
35849.32
38624.69
40339.36
41433.42
40317.32
40696.21
40967.37
40277.87
39445.22
38594.1
38617.25
39731.92
39096.67
37840.35
36408.79
35067.47
33209.15
31706.34
30511.56
29699.74
29303.53
29480.13
28449.34
28407.54
30104.43
32193.27
34059.18
35061.67
35093.1
35493.47
35926.55
35679.36
35213.28
35418.46
35856.6
37654.1
37191.9
36392.74
35240.95
33647.88
32112.9
30935.99
30102.59
29476.26
29310.04
29494.35
29745.97
31811.84
37691.21
41389.89
42706.06
43876.61
42636
43164.82
44604.41
44319.78
44091.76
43216.34
41809.52
42604.48
41790.16
40625.92
39111.94
37052.95
35219.59
33616.13
32565.28
32006.92
31433.01
31680.96
31710.24
33336.45
38748.85
41729.71
42874.79
43907.44
42288.96
43051.99
44095.41
43765.19
43356.19
42478.54
41544.38
42225.02
41397.08
39879.01
38425.76
36510.23
34755.95
33235.57
32269.35
31738.07
31227.12
31268.8
31580.11
33376.58
38390.54
41286.2
42185.65
42922.77
41087.77
42187.72
43174.85
42583.3
42304.33
41559.48
40779.8
41490.13
40387.72
38931.01
37515.5
35680.37
33831.58
32742.69
31716.25
30945.49
30727.86
31008.44
31031.71
32568.79
37989.03
40570.96
41533.77
42146.11
40467.36
40902.82
41683.24
41296.98
41041.09
40404.42
39780.34
40289.12
39751.8
38448.59
37015.49
35439.16
33431.08
32122.42
31307.09
30652.36
30420.82
30260.99
30820.17
32322.74
37252.68
40027.49
40849.39
41572.53
39478.32
39333.23
41072.74
41019.64
40394.79
39792.43
39359.38
39930.55
39263.11
37989.78
36802.55
34897.63
33337.39
31838.2
30888.77
30176.95
29884.35
30104.3
29875.01
30380.67
34491.85
37362.18
38636.94
39473.98
38422.32
38722.41
38910.63
38174.34
37386.72
36934.38
37419.92
38465.83
37615.47
36609.63
35362.36
33380.14
31722.71
30255.89
29199.41
28346.35
28056.8
27987.74
27484.45
26699.71
28459.53
30515.1
32157.45
33137.31
33175.75
33571.7
33321.73
32991.14
32978.71
32955.61
34126.67
35900.37
35529.92
34429.19
33307.03
31700.26
30158.88
29004.99
28224.89
27570.1
27654.74
28203.29
28646.39
30801.35
36247.64
39394.44
40514.39
41595.41
40126.66
40945.65
41793.67
41399.49
41242.82
40698.02
40135.9
40726.09
39759.75
38554.84
37286.12
35339.91
33430.68
32189.21
31199.82
30536.38
30432.09
30797
30944.32
32553.93
37299
40135.51
41317.7
42080.59
40451.48
40971.41
41738.45
41336.48
41019.19
40040.64
40321.11
40960.26
39911.78
38649.08
37216.33
35090.19
33317.41
32095.4
31204.33
30624.1
30344.37
30590.39
30945.03
32457.37
37567.17
40275.64
41302.67
41930.67
40353.56
40906.1
41804.02
41313.22
41103.97
40825.11
40361.2
41043.08
39878.96
38490.41
37083.7
35030.58
33152.24
32068.57
31022.4
30470.74
30283.4
30505.9
30990.64
32506.16
37596.61
40225.55
40841.76
41400.31
40046.78
40502.26
41717.31
41205.51
40985.07
40503.15
40107.14
40670.8
39774.29
38616.33
37164.13
35267.62
33370.29
31918.76
31232.78
30480.14
30288.62
30458.24
30846.63
32405.91
37223.95
39951.88
40722.56
41324.82
38982.66
38940.94
40775.41
40733.53
40553.55
40076.53
39992.91
40180.55
39146.53
38153.89
36503.29
35033.15
33076.09
31921.67
30973.47
30156.32
29844.7
30001.72
29902.47
30167.85
34409.04
37252.57
38715.79
39650.26
38351.64
38415.9
38765.89
37940.81
37528.08
37068.42
37809.54
38617.16
37603.22
36481.75
35231.93
33615.07
31453.49
30017.16
28813.94
28159.5
27880.08
27661.54
27346.97
26877.71
28547.81
30601.02
32164.94
33154.68
32959.14
33446.41
33328.94
32863.19
32921.95
33061.43
34422.05
35627.1
34857.33
34183.85
33114.52
31712.51
30204.03
28977.13
28029.69
27822.16
27542.35
27977.66
28605.19
30705.83
36110.74
39205.05
40043.65
40769.7
39171.18
39388.88
40423.19
40282.18
39910.02
39702.2
39748.89
40021.02
39130.36
37972.47
36630.67
34710.7
32757.81
31469.86
30702.83
30196.26
30009.68
30315.1
30688.11
32192.25
37046.43
39504.11
40317.33
40658.55
39242.4
39977.54
40521.58
40303.65
40298.96
40037.69
40051.4
40210.09
39302.27
37919.01
36745.7
34760.1
32862.75
31517.33
30800.73
30045.15
30033.78
30257.68
30591.34
32096.77
37122.57
39585.68
40358.53
40995.11
39256.8
39762.95
40399.33
40052.05
39883.28
39713.17
39828.65
39891.41
39114.55
37996.29
36716.43
34702.7
32792.18
31551.1
30637.9
30054.11
29838.35
30179.12
30473.24
32110.61
36911.75
39085.18
39931.49
40420.64
38825.6
39431.6
39982.49
39621.78
39400.06
39257.13
39592.04
39901.72
38909.58
37805.42
36360.7
34930.85
32766.44
31468.65
30457.82
29985.73
29858.02
30080.22
30734.19
32290.78
36941.8
39232.65
40203.5
40647.78
38324.65
38269.38
40097.78
39752.31
39568.2
39256.06
39432.89
39625.51
38548.21
37481.02
36228.49
34613.25
32582.95
31190.37
30134.69
29486.29
29349.52
29577.58
29627.22
30041.84
34107.16
36882.7
38070.51
38805.12
37667.15
38085.37
38073.13
37340.29
36681.52
36425.74
37711.18
37930.67
37126.56
35910.2
34906.02
33030.13
31194.59
29691.51
28474.91
27838.73
27385.31
27502.95
27251.74
26839.89
28271.28
30223.31
32029.35
32933.65
32663.26
33207.48
33190.93
32752.95
32533.56
32908.76
34553.13
35411.35
34770.52
33984.31
32963.22
31610.59
30140.48
28833.44
27972.5
27453.09
27311.62
27700.5
28473.6
30433.22
36025.13
38906.98
40091.99
40732.01
39097.14
39600.03
40502.89
40148.68
39903.51
39636.12
39894
39724.61
38632
37516.85
36377.03
34689.9
32737.77
31286.48
30446.29
29832.61
29579.15
29943.3
30426.5
31858.05
36616.3
39055.76
40075.64
40600.72
38849.78
39813.97
40615.6
40141.05
40020.21
39993.5
40186.88
39816.44
38702.71
37512.51
36185.91
34901.26
32580.9
31353.45
30440.91
30018.88
29431.15
29815.51
30355.47
31858.94
36563.42
39134.85
40316.42
41061.33
39378.36
39839.03
39620.34
39810.92
39532.35
39549.44
40002.95
39731.46
38650.75
37697.2
36413.61
34656.74
32855.58
31323.67
30312.29
29717.57
29653.15
29911.23
30493.94
32073.63
36875.36
39325.14
40245.39
40866.07
38974.55
39172.69
40202.72
39832.23
39727.8
39460
40115.86
39956.08
38813.36
37626.31
36405.96
34658.27
32757.42
31544.84
30522.75
29839.02
29912.96
30307.99
30782.18
32263.63
36873.65
39573.77
40218.29
40640.37
38311.04
38508.43
40132.96
39766.06
39655.31
39530.09
39861.79
39612.48
38494.67
37429.39
36294.22
34701.58
32880.73
31317.77
30341.84
29740.33
29465.15
29527.62
29649.58
30396.71
33918.6
36674.65
38257.33
38821.58
37479.53
37884.21
38021.45
37071.63
36428.26
36413.24
38092.65
37549.16
36686.54
35596.01
34342.8
32928.24
31064.56
29653.7
28457.29
27730.6
27538.81
27548.14
27033.75
26696.66
27818.39
30039.78
31591.71
32633.03
32471.31
32747.69
32927.48
32775.96
32767.95
33301.13
35075.8
35219.06
34725.19
33508.49
32652.17
31286.75
29768.09
28662.29
27877.01
27538.17
27221.5
27718.72
28581.81
30502.12
36086.33
38803.07
39740.34
40362.29
38916.78
39557.09
40320.47
40017.7
39764.3
39669.78
40033.49
39555.42
39069.44
37559.31
36210.8
34565.95
32460.71
31153.1
30377.59
29618.23
29662.14
30063.32
30631.63
32171.64
37205.69
39721.35
40476.64
41143.25
39563.5
40062.06
40814.06
40383
40226.78
40350.56
40787.66
40251.06
39378.77
38040.06
36795.2
35052.92
33005.95
31693.79
30693.5
30094.25
30004.22
30287.57
30932.45
32756.84
37330.03
39821.64
40618.08
41090.09
39203.27
39544.69
40201.98
40187.48
39825.77
39942.09
40501.35
40168.57
39222.92
38210.05
36931.06
35086.75
33040.04
31571.08
30577.85
30069.15
29809.26
30052.7
30993.77
32687.62
37639.34
40162.65
40218.46
41072.79
39332.45
39560.22
40334.07
39701.61
39580.31
39755.97
40529.3
40212.31
39370.33
38113.15
37006.58
34947.96
33150.2
31598.03
30758.74
30117.26
29847.5
30268.37
30999.95
32509.58
37138.92
39544.63
40295.54
40635.82
38054.91
38445.49
39939.11
39500.85
39151.78
39388.49
40026.92
39485.68
38655.88
37581.8
36518.53
34734.15
32912.84
31614.87
30525.22
29863.02
29576.06
29831.88
30101.09
30593.04
34559.89
37299.72
38514.34
39071.18
37642.37
37849.08
37765.52
36960.05
36419.35
36461.01
38199.58
38145.33
37136.64
35936.02
34953.87
33401.58
31569
29924.13
28732.25
27906.89
27565.3
27675.33
27451.69
26803.17
28216.66
30346.72
31784.08
32996.17
32714.64
33417.18
33333.05
33039.5
32864.31
33745.14
35723.47
35977.28
35521.31
34255.51
33391.81
31686.91
30248.27
28873.42
27960.84
27658.83
27775.27
27909.08
29127.97
30830.9
36636.95
39846.18
40659.51
41435.59
39665.96
40067.77
40971.46
40549.48
40216.03
40557.07
41246.81
40431.2
39509.39
38181.18
37118.67
35385
33209.32
31865.5
30783.75
30366.21
30176.93
30587.29
31457.67
33063.21
37889.11
40874.26
41342.64
41622.93
39838.92
40159.76
40843.35
40125.38
40176.85
40686.77
41272.89
40667.07
39594.04
38377.12
37218.44
35597.05
33418.79
31981.8
30978.77
30251.7
30224.97
30607.84
31372.96
33094.15
37936.25
40058.88
40566.64
40968.13
39101.91
39616.05
40580.55
40105.47
40088.1
40431.29
41182.38
40345.75
39512.89
38210.83
36724.03
35353.68
33011.86
31475.36
30669.72
29961.81
29846.83
30335.34
30967.85
32426.53
37056.68
39698.09
40064.22
40764.69
38351.71
38320.37
39365.18
38967.6
38240.8
38764.35
39483.07
38672.79
37696.39
36639.62
35791.55
34038.34
31979.14
30429.24
29274.35
28559.96
28489.18
29104.46
28810.61
29241.62
32333.48
34950.81
36195.03
37248.32
35690.16
36115.65
36738.77
36293.65
35846.74
36617.64
37794.59
37068.3
36117.68
35139.87
33897.38
33113.79
31344.15
29947.5
28893.11
28217.31
28005.37
28244.01
28669.38
29067.04
32664.78
35032.53
36072.8
37033.56
36183.07
36338.69
36392.72
35781.87
35138.37
35565.43
37128.7
36772.05
35931.86
35011.52
33904.07
32688.73
31058.17
29360.91
28233.88
27290.15
27061.13
26766.25
26827.61
26329.69
27384.24
29472.75
31371.6
32341.93
32260.25
32596.9
32343.56
31962.07
32033.82
33326.02
35394.07
35390.08
34612.49
33771.89
32893.12
31432.46
30311.29
28939.91
28045.92
27629.01
27529.59
27996.55
29045.9
30870.07
36609.52
39905
41108.82
41575.35
39966.46
40359.39
40991.83
40290.57
40633.68
40827.82
40926.58
39950.86
39239.44
37982.78
36992.03
35372.78
33340.17
31684.96
30963.95
30344.4
30017.28
30355.92
31362.39
33038.91
37792.19
40409.94
41066.41
41053.94
39313.58
39793.43
40893.58
40175.13
40595.69
41236.7
41468.98
40475.99
39601.36
38493.37
37041.55
35421.72
33298.54
31809.61
30965.75
30254.27
30157.91
30590.23
31495.53
33178.81
37768.66
39827.8
40242.91
41092.79
39076.55
39329.62
40361.82
39882.99
40065.05
40828.24
41090.93
40308.83
39273.57
38174.9
37026.69
35279.34
33522.56
31565.6
30888.35
30375.22
30014.4
30586.62
31578.71
33183.86
37822.17
40068.44
40669.12
41100.7
39203.76
39405.35
40210.2
39341.97
39719.08
40327.57
41050.06
40182.4
39101.8
38025.09
36921.16
35488.33
33377.96
31950.15
30780.47
30373.26
30051.71
30439.19
31438.83
33151.12
37369.07
39385.99
40014.83
40373.52
38096.69
37647.51
39253.39
38731.27
39146.32
39817.12
40283.38
39242.43
38342.94
37504.41
36336.57
35215.93
33280.65
31803.64
30827.5
30068.82
29808.7
30096.96
30796.12
31225.18
34541.6
36969.27
38208.1
38595.43
37486.04
37414.08
37619.24
36777.63
36431.19
37335.57
38795.92
38101.02
37216.16
36391.82
37027.27
33635.43
31735.01
30216.78
29092.57
28508.98
28077.6
27967.26
27890.24
27436.97
28216.43
30168.64
31556.76
32387.01
32212.4
32842.24
32716.29
32382.55
32623.14
33772.67
35860.35
35637.99
34990.36
34084.7
33095.78
31778.45
30450.27
29111.72
27851.15
27606.87
27460.73
28001.35
29348.45
31425.23
36838.8
39543.79
40440.01
40979.74
39207.47
39673.92
40021.61
39588.42
39717.26
40387.54
40932.1
39791.8
38806.51
37725.85
36533.79
35294.1
33050.93
31850.88
30784.54
30136.08
30136.48
30431.75
31645.92
33382.57
37698.65
40198.08
40741.41
41269.83
39232.17
39777.08
40081.6
39614.68
39702.32
40676.86
40933.81
40126.75
39322.08
38219.16
37157.61
35624.92
33484.02
32093.93
31364.46
30613.31
30453.09
30768.9
31710.25
33532.54
38162.59
40691.39
41534.35
42171.65
40397.15
40766.48
41358.93
40964.74
41200.4
42077.87
42325.66
41305
40338.88
39395.52
38131.57
36262.29
34014.52
32604.6
31696.17
31098.29
30797.93
31279.01
32349.11
34214.75
39150.22
41703.89
42323.89
42575.55
40699.49
41023.89
41577.23
41066.88
41363.58
42413.17
42954.71
41754.72
40860.41
39310.54
38432.71
36756.64
34384.48
32911.42
31789.8
31040.47
30814.68
31299.36
32464.99
34344.47
39185.66
41690.95
42286.15
42268.35
39786.7
39778.86
40938.11
40353.32
40612.25
41708.5
42408.29
41337.76
40326.05
39430.95
38142.93
36398.99
34509.35
32865.91
31801.25
31063.13
30726.83
31092.24
31693.54
32474.12
36117.56
39063.35
40117.51
40482.99
39355.01
39317.28
38917.68
38117.38
37687.28
38779.22
40360.52
39672.57
38749.24
37713.42
36580.25
34960.46
32951.1
31400.74
30304.11
29459.09
29212.67
28938.42
29194.99
28790.6
29532.24
31289.96
32897.76
33659.92
33353.21
33603.9
33229.9
32864.54
33279.86
35067.8
37066.78
36836.53
36345.37
35509.89
34099.87
33045.31
31548.02
30263.38
29327.98
28671.11
28489.29
28790.88
29968.93
32199.48
37949.18
41348.42
42493.58
42893.69
41256.39
41524.66
41920.83
41463.73
41507.32
42742.99
42434.78
41777.06
40705.43
39648.69
38169.87
36756.7
34597.31
33111.6
31937.38
31074.21
31052.79
31510.86
32272.58
33764.37
38733.56
41791.15
42764.62
43286.61
41614.22
41643.31
42259.51
41583.65
41670.24
42820.94
42929.3
41808.52
40949.49
39866.68
38728.46
37055.73
34941.14
33392.94
32221.01
31544.79
31522.86
31571.53
32551.24
33958.17
39140.08
42163.38
42981.6
43491.17
41454.01
41859.3
42630.14
41576.33
42075.51
43250.46
43076.47
41780.81
40958.09
39905.54
38627.25
36924.24
34815.89
33210.54
32257.09
31443.98
31286.33
31645.9
32457.12
33799.07
38767.68
41906.03
42900.1
43546.32
41982.35
41777.9
42974.16
42346.38
42459.06
43488.89
43409.63
42039.84
41033.13
39890.17
38897.51
37400.64
35292.25
33572.28
32301.64
31666.48
31211.82
31527.64
32366.11
33718.88
38272.93
42034.04
42717.58
44164.45
41775.07
41825
42882.29
42992.09
42736.67
43470.2
42966
41798.36
40833.38
39713.35
38636.18
36988.33
34987.28
33297.2
32378.8
31517.15
31221.62
31351.14
31726.94
32401.39
36114.35
39021.85
40845.14
41862.88
40814.15
41047.65
40931.42
40073.27
39708.09
40320.26
41031.31
40313.6
39359.28
38345.43
37334.29
35958.04
33853.1
32004.99
30558.39
29848.03
29283.68
29389.78
29392.11
28857.3
29793.08
31613.99
33174.89
34251.49
34152.69
34201.05
33702.58
33524.86
33765.4
35854.29
37740.52
37493.41
36974.71
36248.84
35354.22
34084.59
32113.53
30408.02
29405.5
28802
28553.64
29117.24
30583.94
33080.37
39096.95
42039.12
42729.44
43094.29
40923.4
40939.42
41467.29
40926.66
41517.93
42724.73
42936.86
41807.69
40884.6
39953.63
38528.73
37013.84
34761.2
32997.06
31804.89
31312.09
31220.4
31535.13
32664.52
34773.57
39640.95
41708.49
42760.83
43401.09
41368.49
42201.29
41877.6
42050.17
42489.29
43362.04
43110.96
42070.88
40977.5
39880.23
38794.6
37060.66
34786.85
33198.96
32088.66
31288.96
31132.77
31543.02
32799.43
34813.14
39655.45
42740.67
43697.51
44339.88
42923.92
43544.45
44029.77
44203.24
44091.61
44780.63
43957.72
42547.93
41589.92
40526.95
39235.6
37240.76
34558.05
33466.78
32450.1
31729.07
31700.37
31886.99
33148.43
35215.25
40032.56
43012.35
43933.9
44654.72
43169.2
43313.26
43557.51
43083.05
43299.91
44199.44
43842.12
42576.38
41730.98
40382.48
38986.07
37475.02
35651.39
33562.55
32229.36
31431.49
31242.93
31640.6
33135.36
35054.83
40046.06
42629.25
43487.57
43806.62
41579
41104.69
42199.54
42019.28
42375.25
43368.65
43159.44
41699.51
40812.18
39611.13
38475.71
36968.01
34806.42
33197.04
32045.13
31197.01
30874.44
31049.83
31707.79
32346.1
35734.72
38552.82
40247.26
41255.19
40047.06
39846.92
39971.63
39384.25
38976.39
40066.44
40541.51
39600.89
38770.29
37744.56
36622.36
35133.29
33077.18
31393.74
30211.78
29391.57
28983.32
28822.22
29062.71
28572.03
29247.21
31192.43
32864.12
33949.02
34259.96
34563.98
34277.98
33847.26
33964.68
35421.17
37289.79
36889.83
36377.49
35627.75
34646.49
33246.01
31780.55
30407.02
29150.9
28634.97
28559.25
28810.94
30011.18
32202.49
37670.13
40463.92
41459.43
41944.78
40306.28
40095.16
40719.37
40999.6
41125.28
42121.19
41424.68
40329.2
39670.49
38552.3
37542.87
36060.64
33907.52
32529.49
31375.58
30637.86
30572.33
30932.75
31821.29
33663.03
38302.76
41083.2
42022.37
42468.22
40956.75
40979.56
41652.63
41540.83
42003.82
43114.48
42616.62
41517.02
40560.91
39474.06
38337.89
36690.36
33238.95
32219.09
31154.07
30769.35
30931.98
31578.69
33268.67
35994.73
41254.14
42316.1
43989.66
43170.69
42001.2
42905.25
42499.56
42825.27
43487.53
43750.43
42657.11
42230.48
40950.99
39952.15
38315.52
36081.03
33953.94
32763.4
31437.88
31206.63
30886.94
31987.83
33464.44
36792.37
41447.17
42930.46
43838.08
42864.14
41464.96
42449.29
42722.56
42602.42
43515.82
44314.02
43227.6
42317.93
41297.48
39981.16
39033.71
36143.25
34663.91
32542.63
31940.66
31676.1
31483.53
32053.67
33908
37128.55
41879.44
41916.11
43068.17
42366.53
39877.4
42382.56
42340.24
42286.69
42991.27
43948.91
42730.47
41732.36
40643.08
39611.62
38431.7
36476.92
34622.62
32915.55
32325.36
31552.23
31627.67
31653.25
32282.41
33056.99
38167.12
39317.92
41569.88
41553.34
41836.27
41244.54
40938.56
40450.28
40838.96
41865.48
41629.37
40299.15
39517.08
38525.55
37424.39
35108.18
33217.66
31373.07
30610.37
29638.37
29294.33
29391.61
29266.86
29137.08
30595.72
32645.08
34511.29
34579.84
35652.8
35164.57
34791.39
34711.35
35854.78
38177.22
38300.86
37460.63
37443.95
36506.14
34978.71
33480.19
31559.05
30214.73
29358.27
29220.19
29209.91
29706.74
31872.76
35201.93
41188.53
41766.28
43063.86
42838.03
41313.34
42303.75
42653.42
42970.75
43416.27
44303.55
42866.74
41935.28
41288.81
39502.07
38763.2
36412.71
34102.75
33412.2
31846.14
31717.65
31331.17
32047.32
33975
35652.47
41155.28
42166.75
42648.21
43185.74
42085.48
42973.27
42979.06
43311.76
43742.5
43391.37
43118.13
41231.08
40941.07
39826.89
38185.29
36103.55
34422.8
32827.04
32147.52
31263.87
31277.94
31804.03
33517.38
36083.12
41299.5
42982.53
44105.65
43628.68
42900.44
44164.58
44285.39
44035.39
44364.87
44665.61
43522.65
42136.59
41289.36
40445.28
38726.25
36828.26
34476.75
33122.64
32084.39
31774.41
31808.95
32997.33
34111.15
37259.93
42141.66
42743.21
44071.25
43401.07
41564.55
43454.53
43605.32
43308.13
44013.12
44448.51
43643.44
42048.72
41963.49
41497.66
39464.95
36435.84
35244.87
33428.31
32546.17
32307.56
31917.94
32767.57
34719.67
36893.95
41287.04
42237.92
44275.16
43469.33
39743.99
41827.12
43131.86
42193.33
43336.77
44384.84
42740.38
42119.42
41445.29
39872.86
38840.72
37007.67
35346.75
33566.6
32310.64
31564.24
31758.16
31961.28
32700.12
33826.35
37926.5
39288.18
39953.27
40882.56
40197.5
40242.68
40390.55
39724.41
40101.34
41754.73
41147.48
40324.53
39172.87
38447.4
37175.71
35301.91
33394.27
31624.57
30909.76
29800.33
29849.44
29782.23
29570.99
29146.44
30064.83
31782.3
33680.52
34399.31
34711.64
35285.55
35284.02
34417.01
35885.96
38072.96
38059.12
37492.69
37080.99
36234.39
34193.75
32958.71
32038.49
30355.76
29550.39
29714.47
29627.32
29624.67
32316.11
35513.96
41158.83
42481.26
44548.56
43713.72
43137.29
44168.56
44212.75
43901.23
44353.57
45063.92
43719.67
42392.22
41278.1
40133.7
38827.39
36424.91
34893.58
33104.34
32483.13
31793.66
31610.66
32305.21
34459.29
37525.95
41848.86
43016.86
44518.25
44071.09
43024.47
44010.65
44241.28
44072.36
45532.95
45480.35
43847.6
42256.27
41941.83
40840.57
39317.91
36887.83
34685.37
33431.77
32612.38
31819.48
31835
32355.35
34119.22
37182.65
42694.21
44053.53
45200.29
44315.83
44458.3
45524.48
45353.21
45181.59
46001.68
46158.66
44521.3
43424.63
42357.43
41372.41
39683.99
37414.13
35456.56
33571.6
33121.89
32186.78
32688.9
32963.87
34947.18
37240.88
43289.94
44999.18
46419.56
45900.18
44457.17
45857.89
45650
45595.81
46664.57
46316.01
44473.99
43421.23
41835.24
41135.63
39449.42
36928.92
35168.23
33633.61
32722.51
32475.27
32599.86
32975.01
34802.98
37709.95
43276.22
44808.68
46496.86
45783.67
44049.09
45501.04
45871.86
45931.34
46468.75
46219.19
44864.77
43250.43
42480.08
41185.98
39764.02
37989.56
35724.38
33894
32742.53
32401.85
32381.69
32886.74
33730.64
34924.97
39571.48
41775.99
43761.11
43608.32
43164.19
44150.51
43752.51
42677.23
43027.42
44592.61
43511.07
42095.12
40930.15
39475.4
38485.76
36322.4
34205.35
32388.37
31997.18
30815.1
30539.09
30496.05
30607.43
30683.2
31431.8
33004.05
35734.51
37318.33
37532.95
37577.76
37293.55
37654.41
38188.41
40542.72
40374.03
39506.06
38410.82
37770.04
36666.82
34690.25
32503.86
30931.96
30327.82
29912.71
30063.57
30693.38
33423.44
36648.74
43702.9
45836.01
47284.29
46574.51
46078.76
47555.66
46817.09
46712.29
47226.65
47170.89
44747.03
43783.64
42693.83
41348.3
40388.06
37729.7
35404.25
33615.31
33384.38
32641.93
32340.49
32864.58
35372.52
38683.3
43965.69
46037.05
47341.39
46837.07
45789.83
46959.57
46645.77
46240.03
46792.53
47442.86
45280.33
44230.37
43598.19
42380.51
40050.53
37794.51
35154.93
33507.95
32380.16
31950.1
31934.56
32067.34
34095.47
38056.23
43922.99
45477.84
46848.55
46187.69
44807.63
45567.48
46090.42
46194.81
46706.67
47145.15
45072.73
43876.67
42785.59
41389.15
39830.96
37753.26
35421.99
33899.87
33706.11
32071.51
32325.71
32989.67
34703.64
37968.72
44574.79
45906.15
47716.25
46769.39
46113.59
46730.52
46970.71
46361.27
46972.12
47246.61
45331.63
44474.7
43454.17
42108.02
40642.77
38210.55
35792.14
33964.72
32824.38
32451.68
32446.48
32939.7
35451.71
38780.32
44109.81
45812.37
47720.97
46898.18
43795.87
45435.67
45886.79
46080.9
46683.85
46970.69
45351.74
43623.5
42596.58
42051.11
40589.12
38563.09
36145.05
34678.13
33510.6
32669.53
32789.48
32714.67
34252.29
34866.95
40302.83
41978.34
44076.98
44044.5
42945.83
43525.41
43187.28
42069.4
42523.1
44096.04
43520.75
41945.23
41541.53
40336.87
38957.55
36424.21
34217.95
32315.99
31506.57
30820.51
30149.42
30327.78
30563
30711.95
31596.23
33660.94
36228.47
36365.45
36998.9
36782.39
37497.5
36797.09
37549.62
39779.29
40032.34
39127.71
39089.37
37645.3
36945.02
34749.21
32691.52
31233.5
30291.92
30174.63
29975.23
30626.99
33344.41
36567.76
42950.27
44151.84
45663.06
44856.77
43476.31
43576.6
43915.44
43978.56
44585.14
45491.33
44272.25
42734.54
42291.07
40950.38
39300.05
37312.77
34665.3
33369.41
32721.01
31820.17
32060.9
32529.95
34819.34
37217.06
42618.21
43582.6
45063.48
44603.86
43326.14
44056.49
43688.18
44121.77
44243.67
44585.64
43183.56
42481.96
41744.08
39843.08
39181.32
36444.01
33738.29
32639.69
32995.78
31795.31
31877.93
32039.04
34606.66
37640.17
42651.35
43190.28
45355.88
44592.56
43062.53
43453.75
43928.73
43528.63
44848.57
45204.55
43886.81
42529.53
41605.92
40338.23
38952.18
36634.08
34166.91
32468.6
31651.87
31133.78
31232.12
31534.2
34151.79
37159.17
42127.27
43599.63
44495.04
44089.26
43174.22
43345.6
43488.42
43105.69
44456.99
44503.81
43664.48
41890.76
41348.73
39872.57
38920.16
36844.64
34272.48
32266.54
31467.81
30972.37
30842.11
31244.5
33337.76
35811.86
40311.02
42031.41
43311.01
42404.18
40579.96
41097.48
40774.2
40357.16
40341.9
40596.12
39330.61
37706.85
35721.7
33982.25
33327.19
32105.17
